-2 36 -12 5084
-1 36 -12 4698
0 36 -12 4789
1 36 -12 5205
-3 35 -12 5413
-2 35 -12 4784
1 35 -12 4998
2 35 -12 5469
-4 34 -12 5657
-3 34 -12 5358
-2 34 -12 4662
1 34 -12 4898
2 34 -12 5397
3 34 -12 5685
-5 33 -12 5880
-4 33 -12 5614
-3 33 -12 5445
-2 33 -12 4958
1 33 -12 5109
2 33 -12 5453
3 33 -12 5640
4 33 -12 5899
-5 32 -12 5860
-4 32 -12 5698
-3 32 -12 5568
-2 32 -12 5373
-1 32 -12 5023
0 32 -12 5082
1 32 -12 5421
2 32 -12 5573
3 32 -12 5729
4 32 -12 5886
-4 31 -12 5858
-3 31 -12 5731
-2 31 -12 5611
-1 31 -12 5491
0 31 -12 5511
1 31 -12 5644
2 31 -12 5767
3 31 -12 5909
-1 37 -11 5227
0 37 -11 5249
-2 36 -11 5302
-1 36 -11 5064
0 36 -11 5108
1 36 -11 5350
-3 35 -11 5490
-2 35 -11 5077
1 35 -11 5186
2 35 -11 5513
-4 34 -11 5709
-3 34 -11 5424
-2 34 -11 4851
1 34 -11 5036
2 34 -11 5449
3 34 -11 5743
-5 33 -11 5938
-4 33 -11 5666
-3 33 -11 5464
-2 33 -11 4878
1 33 -11 5071
2 33 -11 5484
3 33 -11 5698
4 33 -11 5960
-5 32 -11 5891
-4 32 -11 5716
-3 32 -11 5561
-2 32 -11 5214
-1 32 -11 4600
0 32 -11 4716
1 32 -11 5316
2 32 -11 5563
3 32 -11 5748
4 32 -11 5929
-5 31 -11 5949
-4 31 -11 5817
-3 31 -11 5686
-2 31 -11 5531
-1 31 -11 5315
0 31 -11 5359
1 31 -11 5571
2 31 -11 5705
3 31 -11 5867
4 31 -11 5998
-4 30 -11 6013
-3 30 -11 5905
-2 30 -11 5786
-1 30 -11 5700
0 30 -11 5722
1 30 -11 5814
2 30 -11 5926
3 30 -11 6050
-2 36 -10 5401
-1 36 -10 5265
0 36 -10 5290
1 36 -10 5441
-3 35 -10 5527
-2 35 -10 5240
-1 35 -10 4941
0 35 -10 5006
1 35 -10 5307
2 35 -10 5564
-4 34 -10 5740
-3 34 -10 5487
-2 34 -10 5037
1 34 -10 5168
2 34 -10 5522
3 34 -10 5796
-4 33 -10 5734
-3 33 -10 5503
-2 33 -10 4862
1 33 -10 5068
2 33 -10 5536
3 33 -10 5777
-5 32 -10 5963
-4 32 -10 5783
-3 32 -10 5566
-2 32 -10 4986
1 32 -10 5166
2 32 -10 5575
3 32 -10 5803
4 32 -10 6002
-4 31 -10 5837
-3 31 -10 5661
-2 31 -10 5339
-1 31 -10 4830
0 31 -10 4933
1 31 -10 5431
2 31 -10 5668
3 31 -10 5863
-4 30 -10 5957
-3 30 -10 5819
-2 30 -10 5670
-1 30 -10 5500
0 30 -10 5542
1 30 -10 5712
2 30 -10 5838
3 30 -10 5979
-3 29 -10 6041
-2 29 -10 5933
-1 29 -10 5882
0 29 -10 5904
1 29 -10 5969
2 29 -10 6066
-3 35 -9 5650
-2 35 -9 5446
-1 35 -9 5282
0 35 -9 5310
1 35 -9 5493
2 35 -9 5701
-4 34 -9 5808
-3 34 -9 5571
-2 34 -9 5248
-1 34 -9 4826
0 34 -9 4901
1 34 -9 5330
2 34 -9 5627
3 34 -9 5880
-4 33 -9 5789
-3 33 -9 5530
-2 33 -9 4957
1 33 -9 5129
2 33 -9 5571
3 33 -9 5839
-4 32 -9 5802
-3 32 -9 5523
-2 32 -9 4792
1 32 -9 5023
2 32 -9 5561
3 32 -9 5827
-4 31 -9 5814
-3 31 -9 5572
-2 31 -9 4980
1 31 -9 5176
2 31 -9 5618
3 31 -9 5849
-4 30 -9 5872
-3 30 -9 5696
-2 30 -9 5378
-1 30 -9 4912
0 30 -9 5020
1 30 -9 5503
2 30 -9 5743
3 30 -9 5903
-4 29 -9 6019
-3 29 -9 5881
-2 29 -9 5725
-1 29 -9 5565
0 29 -9 5620
1 29 -9 5802
2 29 -9 5931
3 29 -9 6054
-3 28 -9 6090
-2 28 -9 5965
-1 28 -9 5907
0 28 -9 5939
1 28 -9 6021
2 28 -9 6134
-2 27 -9 6147
-1 27 -9 6074
0 27 -9 6098
1 27 -9 6193
-3 34 -8 5722
-2 34 -8 5495
-1 34 -8 5278
0 34 -8 5315
1 34 -8 5554
2 34 -8 5782
-3 33 -8 5604
-2 33 -8 5201
-1 33 -8 4701
0 33 -8 4797
1 33 -8 5313
2 33 -8 5652
-4 32 -8 5807
-3 32 -8 5489
-2 32 -8 4835
1 32 -8 5035
2 32 -8 5553
3 32 -8 5850
-4 31 -8 5766
-3 31 -8 5462
-2 31 -8 4694
1 31 -8 4946
2 31 -8 5554
3 31 -8 5823
-5 30 -8 6027
-4 30 -8 5784
-3 30 -8 5553
-2 30 -8 4953
1 30 -8 5181
2 30 -8 5638
3 30 -8 5832
4 30 -8 6053
-4 29 -8 5878
-3 29 -8 5718
-2 29 -8 5387
-1 29 -8 4917
0 29 -8 5039
1 29 -8 5543
2 29 -8 5777
3 29 -8 5911
-4 28 -8 6050
-3 28 -8 5912
-2 28 -8 5738
-1 28 -8 5553
0 28 -8 5607
1 28 -8 5813
2 28 -8 5951
3 28 -8 6076
-2 27 -8 5985
-1 27 -8 5874
0 27 -8 5893
1 27 -8 6025
-2 33 -7 5511
-1 33 -7 5271
0 33 -7 5314
1 33 -7 5568
-3 32 -7 5588
-2 32 -7 5168
-1 32 -7 4670
0 32 -7 4755
1 32 -7 5270
2 32 -7 5632
-4 31 -7 5776
-3 31 -7 5464
-2 31 -7 4826
1 31 -7 5018
2 31 -7 5538
3 31 -7 5823
-4 30 -7 5722
-3 30 -7 5459
-2 30 -7 4765
1 30 -7 5021
2 30 -7 5544
3 30 -7 5766
-4 29 -7 5750
-3 29 -7 5570
-2 29 -7 5041
1 29 -7 5273
2 29 -7 5635
3 29 -7 5781
-4 28 -7 5865
-3 28 -7 5732
-2 28 -7 5418
-1 28 -7 4912
0 28 -7 5029
1 28 -7 5565
2 28 -7 5777
3 28 -7 5900
-3 27 -7 5927
-2 27 -7 5721
-1 27 -7 5429
0 27 -7 5492
1 27 -7 5811
2 27 -7 5986
-2 26 -7 5935
-1 26 -7 5702
0 26 -7 5746
1 26 -7 6019
-1 32 -6 5375
0 32 -6 5406
-2 31 -6 5310
-1 31 -6 4928
0 31 -6 5004
1 31 -6 5405
-3 30 -6 5528
-2 30 -6 5073
-1 30 -6 4458
0 30 -6 4588
1 30 -6 5238
2 30 -6 5577
-3 29 -6 5528
-2 29 -6 5042
1 29 -6 5235
2 29 -6 5572
-4 28 -6 5739
-3 28 -6 5617
-2 28 -6 5185
1 28 -6 5353
2 28 -6 5651
3 28 -6 5779
-4 27 -6 5880
-3 27 -6 5753
-2 27 -6 5382
1 27 -6 5530
2 27 -6 5811
3 27 -6 5953
-2 26 -6 5576
1 26 -6 5727
-2 30 -5 5594
-1 30 -5 5381
0 30 -5 5426
1 30 -5 5642
-3 29 -5 5658
-2 29 -5 5397
-1 29 -5 4994
0 29 -5 5069
1 29 -5 5470
2 29 -5 5658
-4 28 -5 5755
-3 28 -5 5604
-2 28 -5 5254
1 28 -5 5358
2 28 -5 5616
3 28 -5 5787
-3 27 -5 5669
-2 27 -5 5244
1 27 -5 5393
2 27 -5 5723
-2 26 -5 5317
1 26 -5 5503
