File	Sub-brick	Mean_1  	Mean_2  	Mean_3  	Mean_4  	Mean_5  	Mean_6  	Mean_7  	Mean_8  	Mean_9  
Patients/demean/globemean/zcoefWei2_0101100581+tlrc.HEAD	0[Stim#1_R^]	0.212488	0.147955	0.032649	0.140203	0.104111	0.202006	0.241498	0.124936	0.403654
Patients/demean/globemean/zcoefWei2_0101100671+tlrc.HEAD	0[Stim#1_R^]	0.138713	-0.020763	-0.003003	0.060940	-0.138032	0.187382	0.059578	0.011201	0.031709
Patients/demean/globemean/zcoefWei2_0101100703+tlrc.HEAD	0[Stim#1_R^]	0.132201	0.111651	0.121867	0.147957	-0.072239	0.221445	0.110253	0.113194	0.103484
Patients/demean/globemean/zcoefWei2_0101100720+tlrc.HEAD	0[Stim#1_R^]	0.174443	0.127566	0.220409	-0.038493	-0.074411	-0.138094	-0.227281	-0.027328	0.196826
Patients/demean/globemean/zcoefWei2_0101100760+tlrc.HEAD	0[Stim#1_R^]	0.164974	0.279573	0.211956	-0.019175	-0.111286	-0.252934	-0.112933	0.090740	-0.041082
Patients/demean/globemean/zcoefWei2_0101100765+tlrc.HEAD	0[Stim#1_R^]	0.245108	0.267739	0.442506	0.061716	-0.225726	0.446138	-0.430599	0.328609	0.032834
Patients/demean/globemean/zcoefWei2_0101100928+tlrc.HEAD	0[Stim#1_R^]	0.062676	0.042667	0.147912	0.110323	-0.050369	0.084001	0.061089	0.023642	0.008161
Patients/demean/globemean/zcoefWei2_0101101033+tlrc.HEAD	0[Stim#1_R^]	0.153222	-0.018804	0.061686	-0.085236	-0.171077	0.034373	-0.171737	-0.106950	0.126174
Patients/demean/globemean/zcoefWei2_0101101155+tlrc.HEAD	0[Stim#1_R^]	0.161949	0.079907	0.285152	0.110304	-0.157817	0.145912	0.285823	0.212566	0.102259
Patients/demean/globemean/zcoefWei2_0101101178+tlrc.HEAD	0[Stim#1_R^]	0.073028	-0.086793	0.086171	0.301520	-0.141859	0.227468	0.112065	0.018887	0.025557
Patients/demean/globemean/zcoefWei2_0101101187+tlrc.HEAD	0[Stim#1_R^]	0.135474	0.173757	0.155856	0.016052	-0.130303	0.109258	0.224849	0.066893	-0.154340
Patients/demean/globemean/zcoefWei2_0101101274+tlrc.HEAD	0[Stim#1_R^]	0.005501	-0.091453	-0.074076	-0.138980	0.045939	-0.103586	0.022615	-0.182156	0.192678
Patients/demean/globemean/zcoefWei2_0101101301+tlrc.HEAD	0[Stim#1_R^]	0.077985	0.094809	0.153414	-0.102257	0.011725	-0.141875	0.045222	-0.002041	0.084045
Patients/demean/globemean/zcoefWei2_0101101324+tlrc.HEAD	0[Stim#1_R^]	0.185292	-0.039559	0.135980	0.154833	-0.136909	0.104259	0.394043	0.178438	0.065287
Patients/demean/globemean/zcoefWei2_0101101551+tlrc.HEAD	0[Stim#1_R^]	0.139607	0.055318	0.068463	0.232045	-0.112532	0.109781	0.069489	0.165777	0.188985
Patients/demean/globemean/zcoefWei2_0101101557+tlrc.HEAD	0[Stim#1_R^]	0.211371	0.122093	0.062063	0.190421	-0.228368	0.218976	0.149594	0.106691	0.172002
Patients/demean/globemean/zcoefWei2_0101101690+tlrc.HEAD	0[Stim#1_R^]	0.073198	-0.013899	-0.173829	0.085561	-0.225966	0.017859	0.054270	0.163951	-0.096845
Patients/demean/globemean/zcoefWei2_0101101742+tlrc.HEAD	0[Stim#1_R^]	0.109336	0.288025	0.014394	0.312672	-0.048217	0.420338	-0.234176	0.212494	-0.043729
Patients/demean/globemean/zcoefWei2_0101101772+tlrc.HEAD	0[Stim#1_R^]	0.133877	0.161776	0.212571	0.198446	-0.012572	0.133478	0.102616	0.105696	0.056260
Patients/demean/globemean/zcoefWei2_0101101891+tlrc.HEAD	0[Stim#1_R^]	0.121191	0.214600	0.207225	0.058740	0.082920	0.074536	0.261050	0.075957	0.203197
Patients/demean/globemean/zcoefWei2_0101101894+tlrc.HEAD	0[Stim#1_R^]	0.022564	0.080821	0.013895	0.197083	0.086611	0.071730	-0.025598	-0.133996	-0.012726
Patients/demean/globemean/zcoefWei2_0101101955+tlrc.HEAD	0[Stim#1_R^]	0.099969	0.004257	0.001430	0.064684	0.063752	0.057684	0.188594	0.030802	0.273562
Patients/demean/globemean/zcoefWei2_0201100461+tlrc.HEAD	0[Stim#1_R^]	0.200699	0.058714	0.142423	0.160032	-0.077230	0.059728	-0.073162	0.201968	0.114735
Patients/demean/globemean/zcoefWei2_0201100813+tlrc.HEAD	0[Stim#1_R^]	0.133633	0.016758	0.105565	0.101720	-0.060063	0.228655	0.171156	0.144912	0.063835
Patients/demean/globemean/zcoefWei2_0201100934+tlrc.HEAD	0[Stim#1_R^]	0.199088	0.145327	0.057862	0.211836	-0.117367	0.350509	0.139186	0.218012	0.048224
Patients/demean/globemean/zcoefWei2_0201100937+tlrc.HEAD	0[Stim#1_R^]	0.087159	0.041976	0.075960	0.041718	0.012302	0.124082	0.116867	-0.046049	0.262455
Patients/demean/globemean/zcoefWei2_0201100957+tlrc.HEAD	0[Stim#1_R^]	0.132847	0.206722	0.183914	0.097646	0.123496	0.141188	0.053928	0.267078	0.152830
Patients/demean/globemean/zcoefWei2_0201100963+tlrc.HEAD	0[Stim#1_R^]	0.150377	0.065645	-0.000862	0.063151	-0.278205	0.122708	0.204186	0.206943	0.140329
Patients/demean/globemean/zcoefWei2_0201101012+tlrc.HEAD	0[Stim#1_R^]	0.225593	0.251005	0.178660	0.302828	-0.158337	0.283699	0.192234	0.112954	0.180967
Patients/demean/globemean/zcoefWei2_0201101030+tlrc.HEAD	0[Stim#1_R^]	0.084290	0.069900	0.072609	0.146088	0.033683	-0.005421	0.041473	0.019169	0.141475
Patients/demean/globemean/zcoefWei2_0201101057+tlrc.HEAD	0[Stim#1_R^]	0.187197	0.134902	0.072101	-0.023924	-0.086862	0.183186	0.258190	-0.017355	0.184109
Patients/demean/globemean/zcoefWei2_0201101096+tlrc.HEAD	0[Stim#1_R^]	0.216608	0.064911	0.121018	0.242128	-0.070799	0.243355	0.224631	-0.008193	0.059434
Patients/demean/globemean/zcoefWei2_0201101101+tlrc.HEAD	0[Stim#1_R^]	0.061548	0.079244	0.021809	-0.015451	-0.168742	0.026769	0.003881	0.004613	0.226481
Patients/demean/globemean/zcoefWei2_0201101120+tlrc.HEAD	0[Stim#1_R^]	0.048721	-0.036108	0.031085	-0.077806	-0.036973	-0.061794	-0.023436	0.049395	-0.286323
Patients/demean/globemean/zcoefWei2_0201101169+tlrc.HEAD	0[Stim#1_R^]	0.107661	0.107960	0.163958	0.091863	-0.126849	-0.063059	0.113848	0.198398	-0.100220
Patients/demean/globemean/zcoefWei2_0201101356+tlrc.HEAD	0[Stim#1_R^]	0.084401	0.047549	-0.006352	0.185181	-0.011423	-0.006195	-0.031720	-0.000959	0.314808
Patients/demean/globemean/zcoefWei2_0201101419+tlrc.HEAD	0[Stim#1_R^]	0.089635	-0.017761	-0.005547	-0.105655	-0.073610	0.006752	-0.020029	-0.106929	0.098062
Patients/demean/globemean/zcoefWei2_0201101442+tlrc.HEAD	0[Stim#1_R^]	0.210076	0.168889	0.302400	0.045544	0.027050	-0.014660	0.064042	0.027186	0.274455
Patients/demean/globemean/zcoefWei2_0201101443+tlrc.HEAD	0[Stim#1_R^]	0.354025	0.288607	0.511019	0.366300	-0.215631	0.502548	0.388025	0.109164	0.117585
Patients/demean/globemean/zcoefWei2_0201101518+tlrc.HEAD	0[Stim#1_R^]	0.241637	0.320802	0.312664	0.259986	-0.272446	0.323413	0.148805	0.331508	0.209799
Patients/demean/globemean/zcoefWei2_0201101544+tlrc.HEAD	0[Stim#1_R^]	0.081772	-0.002447	-0.011284	0.062362	-0.158157	0.021721	0.094978	0.199717	0.027788
Patients/demean/globemean/zcoefWei2_0201101559+tlrc.HEAD	0[Stim#1_R^]	0.024925	0.108541	0.107975	0.083408	0.080778	0.188944	0.066651	0.206478	0.196498
Patients/demean/globemean/zcoefWei2_0201101563+tlrc.HEAD	0[Stim#1_R^]	0.203856	0.086673	0.058009	-0.036810	-0.107495	0.134310	-0.052778	-0.084321	0.109981
Patients/demean/globemean/zcoefWei2_0201101584+tlrc.HEAD	0[Stim#1_R^]	0.110091	-0.056135	0.023281	0.105483	-0.152923	0.100698	0.056122	0.065218	-0.109198
Patients/demean/globemean/zcoefWei2_0201101646+tlrc.HEAD	0[Stim#1_R^]	0.038440	0.063060	0.094189	-0.057468	-0.059843	-0.016535	-0.151274	-0.010146	0.124838
Patients/demean/globemean/zcoefWei2_0201101674+tlrc.HEAD	0[Stim#1_R^]	0.098707	0.173508	0.118745	0.099411	-0.093709	-0.006127	0.042390	-0.003830	0.017056
Patients/demean/globemean/zcoefWei2_0201101745+tlrc.HEAD	0[Stim#1_R^]	0.021412	0.107844	-0.053089	0.060709	0.003891	-0.062238	0.051585	0.098713	0.019381
Patients/demean/globemean/zcoefWei2_0201101749+tlrc.HEAD	0[Stim#1_R^]	0.091475	0.013972	-0.006278	-0.126878	-0.115758	-0.026860	0.045174	0.014212	0.167931
Patients/demean/globemean/zcoefWei2_0201101759+tlrc.HEAD	0[Stim#1_R^]	0.089693	0.124633	0.050129	0.033624	-0.052808	0.015938	0.137774	0.039686	0.097568
Patients/demean/globemean/zcoefWei2_0201101844+tlrc.HEAD	0[Stim#1_R^]	0.088622	0.018787	0.022730	0.102988	-0.004359	0.003638	0.089967	-0.020419	0.000068
Patients/demean/globemean/zcoefWei2_0201101904+tlrc.HEAD	0[Stim#1_R^]	0.086533	0.017440	0.100138	0.087552	-0.041890	0.032069	0.044840	0.131993	0.131736
Patients/demean/globemean/zcoefWei2_0201101989+tlrc.HEAD	0[Stim#1_R^]	0.197537	0.004724	0.023777	0.232036	-0.144647	0.057538	0.237969	0.147709	0.127002
Patients/demean/globemean/zcoefWei2_0201102026+tlrc.HEAD	0[Stim#1_R^]	0.126511	0.068288	0.058871	0.124174	0.003226	0.134765	0.215499	0.089637	0.133759
Patients/demean/globemean/zcoefWei2_0401100344+tlrc.HEAD	0[Stim#1_R^]	0.175677	-0.036556	-0.235767	-0.063729	-0.310486	-0.279777	0.347269	0.125307	0.582690
Patients/demean/globemean/zcoefWei2_0401100627+tlrc.HEAD	0[Stim#1_R^]	0.187933	0.161185	0.320260	0.352163	-0.029336	0.219272	-0.104203	0.322308	0.219991
Patients/demean/globemean/zcoefWei2_0401100672+tlrc.HEAD	0[Stim#1_R^]	0.077417	0.030852	0.035326	-0.020810	-0.208262	0.183029	0.045342	0.312120	-0.320456
Patients/demean/globemean/zcoefWei2_0401100807+tlrc.HEAD	0[Stim#1_R^]	0.088732	-0.093749	-0.034465	-0.023611	0.024457	0.160734	0.047431	-0.016365	0.021440
Patients/demean/globemean/zcoefWei2_0401100877+tlrc.HEAD	0[Stim#1_R^]	0.064775	-0.175778	0.363466	-0.147460	-0.052558	0.243932	0.035630	0.302382	0.170691
Patients/demean/globemean/zcoefWei2_0401100898+tlrc.HEAD	0[Stim#1_R^]	0.109904	0.001352	0.114236	0.264102	-0.118277	0.072457	-0.131785	0.136962	-0.209655
Patients/demean/globemean/zcoefWei2_0401100953+tlrc.HEAD	0[Stim#1_R^]	0.036463	0.447596	-0.459916	-0.027492	-0.197918	0.391588	-0.205481	0.228721	0.016780
Patients/demean/globemean/zcoefWei2_0401100964+tlrc.HEAD	0[Stim#1_R^]	0.069390	0.066236	0.130151	0.186032	-0.135280	-0.119996	-0.139424	-0.017675	0.266325
Patients/demean/globemean/zcoefWei2_0401100965+tlrc.HEAD	0[Stim#1_R^]	0.186405	0.083894	0.158399	-0.018477	-0.083311	-0.199953	0.055999	0.185530	0.056947
Patients/demean/globemean/zcoefWei2_0401100977+tlrc.HEAD	0[Stim#1_R^]	0.304221	0.054186	0.398075	0.216583	-0.220621	0.368293	-0.032565	-0.053990	0.158389
Patients/demean/globemean/zcoefWei2_0401101089+tlrc.HEAD	0[Stim#1_R^]	0.099856	0.146046	0.046330	0.331033	-0.134948	0.281933	0.595422	0.099998	0.030146
Patients/demean/globemean/zcoefWei2_0401101129+tlrc.HEAD	0[Stim#1_R^]	-0.005521	-0.027168	0.018390	0.050684	0.262674	0.007151	0.042318	-0.040346	0.023089
Patients/demean/globemean/zcoefWei2_0401101157+tlrc.HEAD	0[Stim#1_R^]	0.150607	0.052028	0.150786	-0.084006	0.023122	-0.087515	-0.089872	-0.061795	0.339892
Patients/demean/globemean/zcoefWei2_0401101451+tlrc.HEAD	0[Stim#1_R^]	0.188143	0.184122	0.072469	0.328799	-0.340311	0.154754	0.404968	0.195276	0.444401
Patients/demean/globemean/zcoefWei2_0401101534+tlrc.HEAD	0[Stim#1_R^]	0.018276	0.016057	-0.015809	0.055023	-0.252095	-0.049838	0.067426	0.041877	0.138540
Patients/demean/globemean/zcoefWei2_0401101592+tlrc.HEAD	0[Stim#1_R^]	0.274530	0.160777	0.147114	0.288724	-0.206262	0.287571	-0.120917	0.278100	0.227255
Patients/demean/globemean/zcoefWei2_0401101713+tlrc.HEAD	0[Stim#1_R^]	0.106984	0.264939	0.200132	0.042470	-0.068698	-0.003133	0.128275	-0.003550	0.084681
Patients/demean/globemean/zcoefWei2_0401101873+tlrc.HEAD	0[Stim#1_R^]	0.184404	0.142988	0.249345	0.120343	-0.175023	0.016291	0.295981	0.120778	-0.054777
Patients/demean/globemean/zcoefWei2_0401101913+tlrc.HEAD	0[Stim#1_R^]	0.128929	-0.007505	0.269279	-0.026016	-0.033453	0.020552	0.224735	-0.164433	-0.443049
Patients/demean/globemean/zcoefWei2_0401101922+tlrc.HEAD	0[Stim#1_R^]	0.038278	-0.087319	-0.186433	-0.073534	-0.009662	-0.280709	-0.177237	0.070996	-0.199687
Patients/demean/globemean/zcoefWei2_0401101968+tlrc.HEAD	0[Stim#1_R^]	0.039711	0.096063	0.019603	0.135829	-0.000677	-0.149515	-0.069436	-0.023021	-0.172055
Patients/demean/globemean/zcoefWei2_0401101974+tlrc.HEAD	0[Stim#1_R^]	0.075379	-0.116374	-0.125885	0.194685	0.027089	0.457899	0.110150	0.048333	0.150117
Patients/demean/globemean/zcoefWei2_0401101988+tlrc.HEAD	0[Stim#1_R^]	0.025930	0.089802	0.180373	0.070832	-0.084221	0.108738	0.042760	0.367493	0.027307
Patients/demean/globemean/zcoefWei2_0602101135+tlrc.HEAD	0[Stim#1_R^]	0.052728	-0.127194	0.060053	0.117210	0.129785	-0.034780	0.037428	0.049063	0.216741
Patients/demean/globemean/zcoefWei2_0602101526+tlrc.HEAD	0[Stim#1_R^]	0.095700	0.032647	0.200662	0.234631	0.494653	0.151839	0.106236	0.119972	0.047731
Patients/demean/globemean/zcoefWei2_0602101575+tlrc.HEAD	0[Stim#1_R^]	0.160673	0.184070	0.125963	-0.002739	-0.470682	0.176140	0.114075	0.006127	0.080954
Patients/demean/globemean/zcoefWei2_0602101626+tlrc.HEAD	0[Stim#1_R^]	0.120893	-0.008611	0.088663	-0.367300	0.042060	-0.190899	0.025907	-0.131257	0.142694
Patients/demean/globemean/zcoefWei2_0602101880+tlrc.HEAD	0[Stim#1_R^]	0.097641	0.335939	0.151240	-0.186978	-0.091426	0.147856	0.061463	0.273754	-0.491867
Patients/demean/globemean/zcoefWei2_0602101896+tlrc.HEAD	0[Stim#1_R^]	0.057916	-0.089720	-0.245111	0.191903	-0.299410	-0.176850	0.342913	-0.541437	0.010212
Patients/demean/globemean/zcoefWei2_0704101001+tlrc.HEAD	0[Stim#1_R^]	0.139191	0.151789	-0.191309	0.201860	-0.269379	0.385324	0.059931	0.201185	0.275843
Patients/demean/globemean/zcoefWei2_0704101020+tlrc.HEAD	0[Stim#1_R^]	0.211497	0.083159	0.132909	0.118465	-0.316072	-0.082242	-0.026800	0.082060	0.042171
Patients/demean/globemean/zcoefWei2_0704101083+tlrc.HEAD	0[Stim#1_R^]	0.141766	0.284978	0.343447	-0.109800	-0.010616	-0.116650	0.083697	-0.042914	0.464515
Patients/demean/globemean/zcoefWei2_0704101086+tlrc.HEAD	0[Stim#1_R^]	-0.005094	-0.147227	0.037691	0.203749	0.028135	0.039328	-0.018100	-0.191396	0.329877
Patients/demean/globemean/zcoefWei2_0704101090+tlrc.HEAD	0[Stim#1_R^]	-0.002425	-0.054899	-0.101244	0.022520	0.023706	-0.028488	0.134443	-0.018506	0.062594
Patients/demean/globemean/zcoefWei2_0704101128+tlrc.HEAD	0[Stim#1_R^]	0.159779	0.197464	0.278788	0.631278	0.004207	0.111643	0.249934	0.639507	-0.127267
Patients/demean/globemean/zcoefWei2_0704101139+tlrc.HEAD	0[Stim#1_R^]	0.205570	0.314617	0.271270	0.070276	-0.114833	0.218816	0.062051	0.421279	0.110398
Patients/demean/globemean/zcoefWei2_0704101203+tlrc.HEAD	0[Stim#1_R^]	0.151961	0.083062	-0.046339	-0.053724	-0.122661	-0.051702	-0.028213	-0.044645	-0.319567
Patients/demean/globemean/zcoefWei2_0704101254+tlrc.HEAD	0[Stim#1_R^]	0.261081	0.050970	0.411099	0.084653	0.545887	0.371043	0.290874	0.103660	-0.050751
Patients/demean/globemean/zcoefWei2_0704101299+tlrc.HEAD	0[Stim#1_R^]	0.134288	-0.020711	-0.154382	0.070927	-0.075746	0.111580	0.356934	0.075003	-0.040593
Patients/demean/globemean/zcoefWei2_0704101325+tlrc.HEAD	0[Stim#1_R^]	0.075165	0.130124	-0.014829	0.309661	-0.111515	-0.063560	-0.022442	0.139262	-0.145392
Patients/demean/globemean/zcoefWei2_0704101450+tlrc.HEAD	0[Stim#1_R^]	0.085981	0.325775	0.265484	0.183502	-0.020510	-0.036496	0.220145	0.045759	0.098579
Patients/demean/globemean/zcoefWei2_0704101468+tlrc.HEAD	0[Stim#1_R^]	0.004819	-0.108943	0.113226	-0.029516	-0.157538	-0.043863	-0.090978	-0.248541	0.142949
Patients/demean/globemean/zcoefWei2_0704101728+tlrc.HEAD	0[Stim#1_R^]	0.079487	-0.117284	0.021907	-0.058334	-0.071742	-0.092999	0.093306	-0.031516	0.126798
Patients/demean/globemean/zcoefWei2_0704101833+tlrc.HEAD	0[Stim#1_R^]	0.162033	0.162822	0.006973	-0.043696	0.013204	0.113941	0.235403	-0.252361	0.157243
Patients/demean/globemean/zcoefWei2_0704101866+tlrc.HEAD	0[Stim#1_R^]	0.213063	0.317662	0.292915	-0.010068	0.028269	0.036235	0.426637	-0.064764	0.557507
Patients/demean/globemean/zcoefWei2_0704101881+tlrc.HEAD	0[Stim#1_R^]	0.054286	-0.052228	0.083420	-0.131751	-0.177500	-0.164981	-0.041876	-0.128391	-0.302817
Patients/demean/globemean/zcoefWei2_0704101962+tlrc.HEAD	0[Stim#1_R^]	0.138186	-0.103543	-0.041799	0.121402	-0.098857	0.176817	0.285334	0.404231	0.027434
HealthyControl/demean/globemean/zcoefWei2_0101100692+tlrc.HEAD	0[Stim#1_R^]	0.160970	0.080323	0.048585	0.170282	-0.248501	0.109317	0.074237	0.052756	0.014893
HealthyControl/demean/globemean/zcoefWei2_0101100694+tlrc.HEAD	0[Stim#1_R^]	0.164010	0.016762	0.025600	0.141784	-0.280160	0.200850	0.011089	0.179207	0.127888
HealthyControl/demean/globemean/zcoefWei2_0101100836+tlrc.HEAD	0[Stim#1_R^]	0.111700	-0.024431	-0.040547	0.081451	0.028552	-0.018201	0.107335	0.105434	-0.059797
HealthyControl/demean/globemean/zcoefWei2_0101101082+tlrc.HEAD	0[Stim#1_R^]	0.279303	0.347959	0.230020	0.508931	-0.151369	0.443340	0.179941	0.680031	0.328180
HealthyControl/demean/globemean/zcoefWei2_0101101162+tlrc.HEAD	0[Stim#1_R^]	0.366340	0.255568	0.272912	0.182469	-0.239148	0.307970	0.335799	0.294117	0.121749
HealthyControl/demean/globemean/zcoefWei2_0101101197+tlrc.HEAD	0[Stim#1_R^]	0.171355	0.080153	0.168569	0.013367	-0.233218	0.060772	-0.116877	0.208181	0.094207
HealthyControl/demean/globemean/zcoefWei2_0101101199+tlrc.HEAD	0[Stim#1_R^]	0.228203	0.110353	0.135570	-0.096677	-0.314105	0.108666	0.293279	-0.178145	0.438744
HealthyControl/demean/globemean/zcoefWei2_0101101231+tlrc.HEAD	0[Stim#1_R^]	0.088934	0.183522	0.089973	0.039994	-0.112835	0.091820	0.061548	0.006108	0.232698
HealthyControl/demean/globemean/zcoefWei2_0101101239+tlrc.HEAD	0[Stim#1_R^]	0.082551	0.074452	0.092489	0.077687	-0.035153	0.126339	-0.109918	0.035203	0.058509
HealthyControl/demean/globemean/zcoefWei2_0101101248+tlrc.HEAD	0[Stim#1_R^]	0.140124	0.129344	0.080465	-0.154697	-0.068782	-0.356570	0.014988	-0.097486	0.226092
HealthyControl/demean/globemean/zcoefWei2_0101101272+tlrc.HEAD	0[Stim#1_R^]	0.215611	0.061199	0.008409	0.365787	-0.037927	0.287417	0.251746	0.354802	0.110277
HealthyControl/demean/globemean/zcoefWei2_0101101278+tlrc.HEAD	0[Stim#1_R^]	0.100669	-0.019232	0.147414	-0.035372	-0.098472	-0.151516	0.317088	0.082125	0.143335
HealthyControl/demean/globemean/zcoefWei2_0101101284+tlrc.HEAD	0[Stim#1_R^]	0.016573	-0.004642	-0.085608	0.154777	0.086881	-0.084488	0.176474	0.068675	-0.211776
HealthyControl/demean/globemean/zcoefWei2_0101101287+tlrc.HEAD	0[Stim#1_R^]	0.108961	0.178441	0.035463	-0.020811	-0.229060	-0.122066	0.201284	0.078890	0.200187
HealthyControl/demean/globemean/zcoefWei2_0101101292+tlrc.HEAD	0[Stim#1_R^]	0.072282	0.051670	0.034547	0.081817	0.149615	0.175555	0.120313	0.063631	-0.035579
HealthyControl/demean/globemean/zcoefWei2_0101101300+tlrc.HEAD	0[Stim#1_R^]	0.059835	0.076867	0.130346	-0.079193	-0.015962	0.039626	0.132867	0.215604	0.067574
HealthyControl/demean/globemean/zcoefWei2_0101101302+tlrc.HEAD	0[Stim#1_R^]	0.131108	0.068310	0.155674	0.147196	0.014029	0.075696	0.171609	0.089056	-0.086068
HealthyControl/demean/globemean/zcoefWei2_0101101341+tlrc.HEAD	0[Stim#1_R^]	0.135863	0.152040	0.112066	0.175137	-0.094561	-0.130734	0.189338	0.079664	-0.006502
HealthyControl/demean/globemean/zcoefWei2_0101101374+tlrc.HEAD	0[Stim#1_R^]	0.098301	-0.030750	0.036524	0.122642	0.014757	0.089499	0.104039	0.088700	-0.035080
HealthyControl/demean/globemean/zcoefWei2_0101101420+tlrc.HEAD	0[Stim#1_R^]	0.128234	0.022554	0.161650	0.179340	-0.136304	0.256914	0.036807	0.008093	0.158544
HealthyControl/demean/globemean/zcoefWei2_0101101428+tlrc.HEAD	0[Stim#1_R^]	0.095532	-0.023235	0.057994	0.129700	-0.154916	0.175493	-0.016354	-0.021357	0.119027
HealthyControl/demean/globemean/zcoefWei2_0101101501+tlrc.HEAD	0[Stim#1_R^]	0.198826	0.109355	0.177773	-0.201969	-0.001906	-0.167031	0.170505	-0.098260	0.302510
HealthyControl/demean/globemean/zcoefWei2_0101102021+tlrc.HEAD	0[Stim#1_R^]	0.146445	0.322107	0.282782	0.332707	-0.166175	0.279841	-0.058858	0.223520	0.075765
HealthyControl/demean/globemean/zcoefWei2_0201100633+tlrc.HEAD	0[Stim#1_R^]	0.204518	0.202717	0.358960	0.250830	-0.096314	0.330749	0.287900	0.116429	0.028314
HealthyControl/demean/globemean/zcoefWei2_0201100634+tlrc.HEAD	0[Stim#1_R^]	0.154118	0.064897	0.133046	0.129278	-0.112055	0.153532	-0.011411	0.115000	0.011112
HealthyControl/demean/globemean/zcoefWei2_0201100650+tlrc.HEAD	0[Stim#1_R^]	0.085302	-0.037408	0.164187	-0.005548	-0.149315	0.093643	-0.033229	-0.077135	-0.048262
HealthyControl/demean/globemean/zcoefWei2_0201100660+tlrc.HEAD	0[Stim#1_R^]	0.010794	0.096347	-0.016070	-0.012294	-0.267943	-0.048112	0.055980	-0.183633	-0.060511
HealthyControl/demean/globemean/zcoefWei2_0201100661+tlrc.HEAD	0[Stim#1_R^]	0.149681	0.087391	0.240596	0.069743	-0.091208	0.045733	0.101867	0.006625	0.212357
HealthyControl/demean/globemean/zcoefWei2_0201100728+tlrc.HEAD	0[Stim#1_R^]	0.120876	0.035019	0.233667	0.022538	-0.070367	-0.037084	0.003990	0.008579	-0.105481
HealthyControl/demean/globemean/zcoefWei2_0201100738+tlrc.HEAD	0[Stim#1_R^]	0.119430	0.262137	0.045286	0.109828	-0.120780	0.080355	0.020226	0.212771	-0.070652
HealthyControl/demean/globemean/zcoefWei2_0201100834+tlrc.HEAD	0[Stim#1_R^]	0.089545	0.222637	0.082423	0.215895	-0.055312	0.183859	0.184856	0.156581	0.071554
HealthyControl/demean/globemean/zcoefWei2_0201100849+tlrc.HEAD	0[Stim#1_R^]	0.147418	0.041572	0.092151	0.103230	-0.152808	0.021805	0.064304	0.045791	0.139201
HealthyControl/demean/globemean/zcoefWei2_0201100908+tlrc.HEAD	0[Stim#1_R^]	0.120515	0.108805	0.197835	0.047116	-0.169120	0.111436	0.041418	-0.011031	0.203696
HealthyControl/demean/globemean/zcoefWei2_0201100927+tlrc.HEAD	0[Stim#1_R^]	0.121325	0.105297	0.170047	0.066854	-0.151864	0.036696	0.194966	0.164807	0.033858
HealthyControl/demean/globemean/zcoefWei2_0201101064+tlrc.HEAD	0[Stim#1_R^]	0.155080	0.155678	0.052265	0.009220	0.008665	0.041343	-0.030406	0.268027	-0.051899
HealthyControl/demean/globemean/zcoefWei2_0201101098+tlrc.HEAD	0[Stim#1_R^]	0.101623	0.219838	0.187690	0.010168	-0.041981	0.132161	0.169178	0.159134	0.107721
HealthyControl/demean/globemean/zcoefWei2_0201101103+tlrc.HEAD	0[Stim#1_R^]	0.076615	0.108912	0.063510	0.147856	-0.108047	-0.040816	0.055764	0.140503	-0.125897
HealthyControl/demean/globemean/zcoefWei2_0201101167+tlrc.HEAD	0[Stim#1_R^]	0.143347	-0.064861	0.006682	0.127526	-0.222243	0.161758	0.280753	0.158886	0.175771
HealthyControl/demean/globemean/zcoefWei2_0201101168+tlrc.HEAD	0[Stim#1_R^]	0.141076	-0.039426	-0.032616	0.095533	-0.131181	0.022823	0.131644	0.209559	0.031548
HealthyControl/demean/globemean/zcoefWei2_0201101194+tlrc.HEAD	0[Stim#1_R^]	0.075873	-0.038626	-0.043965	-0.032647	-0.145653	-0.000586	0.156184	0.005443	0.080431
HealthyControl/demean/globemean/zcoefWei2_0201101234+tlrc.HEAD	0[Stim#1_R^]	0.078650	0.026333	-0.055615	-0.000131	0.033317	-0.016779	0.019687	0.093992	-0.049290
HealthyControl/demean/globemean/zcoefWei2_0201101308+tlrc.HEAD	0[Stim#1_R^]	0.160879	0.119219	-0.007107	0.157725	-0.187511	0.129917	0.026994	0.196232	0.008896
HealthyControl/demean/globemean/zcoefWei2_0201101340+tlrc.HEAD	0[Stim#1_R^]	0.218703	0.048088	0.106589	0.038398	-0.179422	0.160753	0.091177	0.105163	0.229356
HealthyControl/demean/globemean/zcoefWei2_0201101391+tlrc.HEAD	0[Stim#1_R^]	0.054270	0.043406	-0.073408	0.117537	-0.106642	0.132905	0.023370	0.064987	0.100682
HealthyControl/demean/globemean/zcoefWei2_0201101498+tlrc.HEAD	0[Stim#1_R^]	0.168224	0.180989	0.155794	0.195306	-0.126013	0.190391	0.151417	0.173716	0.049435
HealthyControl/demean/globemean/zcoefWei2_0201101499+tlrc.HEAD	0[Stim#1_R^]	0.077493	-0.086596	0.003212	0.026725	0.070308	0.039933	0.024373	-0.023706	0.220219
HealthyControl/demean/globemean/zcoefWei2_0201101500+tlrc.HEAD	0[Stim#1_R^]	0.252561	0.061826	0.137327	0.293879	-0.083477	0.344285	0.135687	0.333421	0.337140
HealthyControl/demean/globemean/zcoefWei2_0201101583+tlrc.HEAD	0[Stim#1_R^]	0.129540	0.180304	-0.053306	0.123997	-0.056312	0.103431	0.213923	0.057829	0.081663
HealthyControl/demean/globemean/zcoefWei2_0201101686+tlrc.HEAD	0[Stim#1_R^]	0.121156	0.143199	-0.026887	0.115041	-0.087435	0.220917	0.184595	0.073486	0.103611
HealthyControl/demean/globemean/zcoefWei2_0201101782+tlrc.HEAD	0[Stim#1_R^]	0.113088	0.076174	0.084063	0.057163	-0.029637	0.145875	0.062026	0.148681	0.010750
HealthyControl/demean/globemean/zcoefWei2_0201101791+tlrc.HEAD	0[Stim#1_R^]	0.147997	0.052377	0.169183	0.223920	-0.167392	0.198766	0.084923	0.194686	-0.035205
HealthyControl/demean/globemean/zcoefWei2_0201101800+tlrc.HEAD	0[Stim#1_R^]	0.075835	-0.026341	-0.003899	-0.035432	0.009845	0.020202	-0.008590	-0.127017	0.042017
HealthyControl/demean/globemean/zcoefWei2_0201101815+tlrc.HEAD	0[Stim#1_R^]	0.086826	0.012312	0.088882	0.055913	0.042088	0.062815	-0.100568	-0.005005	0.126826
HealthyControl/demean/globemean/zcoefWei2_0201101855+tlrc.HEAD	0[Stim#1_R^]	0.061665	0.057789	0.055956	0.035826	0.024693	0.050581	0.148072	0.026234	-0.030586
HealthyControl/demean/globemean/zcoefWei2_0201101875+tlrc.HEAD	0[Stim#1_R^]	0.226364	0.156244	0.140849	0.202005	-0.243469	0.214305	-0.044673	0.138481	0.143359
HealthyControl/demean/globemean/zcoefWei2_0201101914+tlrc.HEAD	0[Stim#1_R^]	0.208608	0.169019	0.207652	0.133166	-0.295516	0.045677	0.236795	0.154321	0.084083
HealthyControl/demean/globemean/zcoefWei2_0201101937+tlrc.HEAD	0[Stim#1_R^]	0.013461	0.004805	0.054186	-0.033621	0.043796	-0.160714	0.233918	-0.069047	-0.107091
HealthyControl/demean/globemean/zcoefWei2_0401101017+tlrc.HEAD	0[Stim#1_R^]	0.120643	-0.053960	-0.047971	0.149810	0.024557	0.247689	0.352127	0.214852	0.032499
HealthyControl/demean/globemean/zcoefWei2_0401101021+tlrc.HEAD	0[Stim#1_R^]	-0.005105	-0.065421	-0.125577	-0.250717	-0.163311	-0.080308	0.168860	-0.119516	-0.088467
HealthyControl/demean/globemean/zcoefWei2_0401101062+tlrc.HEAD	0[Stim#1_R^]	0.186442	0.196972	0.532447	0.499759	-0.030440	0.267187	0.491029	0.190193	-0.067004
HealthyControl/demean/globemean/zcoefWei2_0401101175+tlrc.HEAD	0[Stim#1_R^]	-0.004021	-0.051951	-0.014971	-0.470104	-0.151155	-0.363378	-0.339452	-0.578457	0.012997
HealthyControl/demean/globemean/zcoefWei2_0401101217+tlrc.HEAD	0[Stim#1_R^]	0.218833	0.340413	0.017420	0.557534	-0.214379	0.086591	0.029057	0.326712	0.167096
HealthyControl/demean/globemean/zcoefWei2_0401101230+tlrc.HEAD	0[Stim#1_R^]	0.079649	-0.044655	-0.231944	0.004795	-0.149364	0.156207	0.060447	0.011067	-0.132655
HealthyControl/demean/globemean/zcoefWei2_0401101252+tlrc.HEAD	0[Stim#1_R^]	0.073482	0.180717	0.054350	0.194624	-0.175460	0.145447	-0.278737	0.117818	-0.208447
HealthyControl/demean/globemean/zcoefWei2_0401101398+tlrc.HEAD	0[Stim#1_R^]	0.036124	-0.090368	0.040137	0.092621	0.217644	0.117915	-0.051993	0.295714	0.387122
HealthyControl/demean/globemean/zcoefWei2_0401101399+tlrc.HEAD	0[Stim#1_R^]	0.159362	0.194882	0.146426	-0.170580	-0.294109	0.094603	0.327335	-0.025919	0.217370
HealthyControl/demean/globemean/zcoefWei2_0401101465+tlrc.HEAD	0[Stim#1_R^]	0.133486	0.104877	0.077823	0.004909	-0.182053	0.242686	0.081025	-0.055883	0.081536
HealthyControl/demean/globemean/zcoefWei2_0401101623+tlrc.HEAD	0[Stim#1_R^]	0.209897	0.166951	0.071184	0.099106	-0.062700	0.394326	0.336626	0.266223	0.189100
HealthyControl/demean/globemean/zcoefWei2_0401101635+tlrc.HEAD	0[Stim#1_R^]	0.048291	-0.214069	-0.254960	-0.060178	0.041478	-0.036213	0.007445	-0.124697	-0.065486
HealthyControl/demean/globemean/zcoefWei2_0401101642+tlrc.HEAD	0[Stim#1_R^]	0.153811	0.237644	0.256903	0.062147	-0.124231	-0.075595	0.204125	0.162093	0.043625
HealthyControl/demean/globemean/zcoefWei2_0401101678+tlrc.HEAD	0[Stim#1_R^]	0.194920	0.031401	-0.007757	0.014320	-0.178028	0.291077	0.456680	0.100233	0.176601
HealthyControl/demean/globemean/zcoefWei2_0401101688+tlrc.HEAD	0[Stim#1_R^]	0.078501	0.171838	0.323545	-0.149510	-0.070093	0.071939	0.289166	-0.089476	0.287695
HealthyControl/demean/globemean/zcoefWei2_0401101722+tlrc.HEAD	0[Stim#1_R^]	0.176548	0.410689	0.533711	0.500102	-0.196746	0.160425	0.419083	0.154745	-0.010688
HealthyControl/demean/globemean/zcoefWei2_0401101799+tlrc.HEAD	0[Stim#1_R^]	0.038041	0.101258	0.158871	0.024006	-0.028418	0.129623	0.299559	0.065434	-0.107961
HealthyControl/demean/globemean/zcoefWei2_0401101814+tlrc.HEAD	0[Stim#1_R^]	0.211351	0.087087	0.113696	0.399827	-0.260392	0.416879	-0.070208	0.161308	0.025325
HealthyControl/demean/globemean/zcoefWei2_0401101907+tlrc.HEAD	0[Stim#1_R^]	0.086370	0.290752	0.147399	0.414284	0.169745	0.243155	0.220606	0.489927	0.059040
HealthyControl/demean/globemean/zcoefWei2_0401101915+tlrc.HEAD	0[Stim#1_R^]	0.230806	0.086696	-0.059719	0.360806	-0.143656	0.377099	0.442759	0.231031	0.079764
HealthyControl/demean/globemean/zcoefWei2_0401101938+tlrc.HEAD	0[Stim#1_R^]	0.166257	0.141258	0.096086	0.096516	0.055186	-0.022237	0.192352	0.310680	0.111673
HealthyControl/demean/globemean/zcoefWei2_0401101956+tlrc.HEAD	0[Stim#1_R^]	0.237776	0.121133	0.183820	-0.010004	-0.150455	0.156222	-0.305377	-0.104097	0.185263
HealthyControl/demean/globemean/zcoefWei2_0401101987+tlrc.HEAD	0[Stim#1_R^]	0.096405	0.072233	0.173326	-0.136162	0.533296	-0.049971	0.129163	-0.372815	0.396412
HealthyControl/demean/globemean/zcoefWei2_0401101991+tlrc.HEAD	0[Stim#1_R^]	0.080434	0.041783	0.032041	-0.159407	-0.055371	-0.454062	0.189345	0.177520	0.306963
HealthyControl/demean/globemean/zcoefWei2_0401102006+tlrc.HEAD	0[Stim#1_R^]	0.142613	0.103524	-0.000384	0.060207	-0.066458	0.030041	-0.071217	-0.151561	0.151844
HealthyControl/demean/globemean/zcoefWei2_0401102023+tlrc.HEAD	0[Stim#1_R^]	0.097523	0.264086	0.277025	0.132734	0.286366	0.132991	-0.252253	0.114964	-0.075659
HealthyControl/demean/globemean/zcoefWei2_0401102024+tlrc.HEAD	0[Stim#1_R^]	0.095408	0.005488	0.179705	0.051400	-0.076976	0.118450	-0.344554	0.270311	0.121617
HealthyControl/demean/globemean/zcoefWei2_0602101031+tlrc.HEAD	0[Stim#1_R^]	0.253615	0.189216	0.117663	0.115474	-0.188181	0.077930	0.059374	0.299605	-0.065000
HealthyControl/demean/globemean/zcoefWei2_0602101075+tlrc.HEAD	0[Stim#1_R^]	0.190434	0.291396	0.388803	0.271133	-0.303193	0.374303	0.131569	0.515436	0.159483
HealthyControl/demean/globemean/zcoefWei2_0602101107+tlrc.HEAD	0[Stim#1_R^]	0.146291	0.162749	0.165842	0.113851	-0.075567	-0.109167	0.102092	-0.215490	0.224917
HealthyControl/demean/globemean/zcoefWei2_0602101113+tlrc.HEAD	0[Stim#1_R^]	-0.010956	-0.187711	-0.162182	0.228780	0.119525	0.129250	-0.149226	0.106575	0.204183
HealthyControl/demean/globemean/zcoefWei2_0602101191+tlrc.HEAD	0[Stim#1_R^]	0.291837	0.274700	0.106245	0.142254	-0.266556	0.522832	0.425009	0.454462	0.275652
HealthyControl/demean/globemean/zcoefWei2_0602101370+tlrc.HEAD	0[Stim#1_R^]	0.131686	-0.019652	0.180993	0.273602	-0.162213	0.149037	-0.074250	0.119990	0.076143
HealthyControl/demean/globemean/zcoefWei2_0602101887+tlrc.HEAD	0[Stim#1_R^]	0.077575	0.104856	0.059722	0.077611	-0.050313	-0.004384	-0.054674	0.053534	0.083417
HealthyControl/demean/globemean/zcoefWei2_0704101176+tlrc.HEAD	0[Stim#1_R^]	0.268195	0.224443	0.172027	0.465802	-0.029968	0.450451	-0.175947	0.261599	0.248689
HealthyControl/demean/globemean/zcoefWei2_0704101297+tlrc.HEAD	0[Stim#1_R^]	0.143655	0.055541	-0.146643	-0.074548	-0.181230	0.065194	-0.187130	0.086632	0.195845
HealthyControl/demean/globemean/zcoefWei2_0704101310+tlrc.HEAD	0[Stim#1_R^]	0.086767	0.024897	-0.009530	-0.123719	-0.096266	-0.163743	-0.314658	0.148990	-0.086817
HealthyControl/demean/globemean/zcoefWei2_0704101350+tlrc.HEAD	0[Stim#1_R^]	0.170145	0.010213	0.022872	-0.138700	-0.072362	0.100099	0.218650	0.120777	0.433145
HealthyControl/demean/globemean/zcoefWei2_0704101413+tlrc.HEAD	0[Stim#1_R^]	0.178937	0.019485	0.095089	0.107339	-0.203125	0.152815	0.118717	0.147516	-0.031414
HealthyControl/demean/globemean/zcoefWei2_0704101430+tlrc.HEAD	0[Stim#1_R^]	0.186566	0.212656	0.239711	0.209915	-0.294356	0.053982	0.046771	0.230776	0.135122
HealthyControl/demean/globemean/zcoefWei2_0704101696+tlrc.HEAD	0[Stim#1_R^]	0.169400	0.047158	-0.005630	0.174117	-0.003519	-0.094746	0.434141	0.258728	-0.057582
HealthyControl/demean/globemean/zcoefWei2_0704101744+tlrc.HEAD	0[Stim#1_R^]	0.202021	0.195234	0.126825	0.113849	-0.289255	0.404879	0.420617	0.150530	0.214455
HealthyControl/demean/globemean/zcoefWei2_0704101756+tlrc.HEAD	0[Stim#1_R^]	-0.017391	0.074675	0.056295	-0.087656	0.185110	-0.151762	-0.113559	-0.204187	0.000703
HealthyControl/demean/globemean/zcoefWei2_0704101765+tlrc.HEAD	0[Stim#1_R^]	0.286832	0.129066	0.168360	0.326810	-0.159373	0.393146	0.288128	0.242767	0.089733
HealthyControl/demean/globemean/zcoefWei2_0704101769+tlrc.HEAD	0[Stim#1_R^]	0.043700	0.004389	0.054842	0.008017	0.046669	0.210601	-0.099776	-0.102995	0.297568
HealthyControl/demean/globemean/zcoefWei2_0704101783+tlrc.HEAD	0[Stim#1_R^]	0.112680	-0.014491	0.199100	0.019041	-0.122746	0.158947	0.431057	0.006397	-0.231322
HealthyControl/demean/globemean/zcoefWei2_0704101787+tlrc.HEAD	0[Stim#1_R^]	0.015894	-0.246621	-0.030754	-0.135413	0.020702	-0.056626	0.166417	-0.348712	0.095118
HealthyControl/demean/globemean/zcoefWei2_0704101797+tlrc.HEAD	0[Stim#1_R^]	0.084232	0.105423	0.188407	0.105907	-0.046838	-0.062705	-0.220621	0.035191	-0.028499
HealthyControl/demean/globemean/zcoefWei2_0704101804+tlrc.HEAD	0[Stim#1_R^]	0.114580	0.253808	0.217471	0.081710	0.019527	0.132356	-0.002630	0.338999	0.213555
HealthyControl/demean/globemean/zcoefWei2_0704101821+tlrc.HEAD	0[Stim#1_R^]	0.318579	0.370794	0.045124	0.317121	-0.528704	0.472921	-0.122155	0.570334	0.434006
HealthyControl/demean/globemean/zcoefWei2_0704101834+tlrc.HEAD	0[Stim#1_R^]	0.092430	-0.129553	-0.002364	0.179013	-0.600296	0.375122	0.532594	0.114746	-0.429511
HealthyControl/demean/globemean/zcoefWei2_0704101843+tlrc.HEAD	0[Stim#1_R^]	0.147395	0.369689	0.081805	-0.097338	0.083688	0.025162	0.075644	0.139445	0.307183
