File	Sub-brick	Mean_1  	Mean_2  	Mean_3  	Mean_4  	Mean_5  	Mean_6  	Mean_7  	Mean_8  	Mean_9  	Mean_10  	Mean_11  	Mean_12  	Mean_13  	Mean_14  	Mean_15  	Mean_16  	Mean_17  	Mean_18  	Mean_19  
Patients/demean/globemean/zcoefMNI2_0101100581+tlrc.HEAD	0[Stim#1_R^]	0.164737	0.103581	0.035285	0.090906	0.245215	0.094481	0.185420	-0.081258	0.034048	0.060564	0.117397	-0.100287	0.068598	0.150540	-0.108122	0.234552	0.354777	0.134128	0.140198
Patients/demean/globemean/zcoefMNI2_0101100671+tlrc.HEAD	0[Stim#1_R^]	0.163950	-0.006703	-0.058664	0.008095	0.221868	0.009090	-0.050094	-0.242424	0.082228	0.070693	0.077512	0.187956	-0.067197	-0.028161	-0.014629	-0.063840	0.087391	-0.009797	0.063183
Patients/demean/globemean/zcoefMNI2_0101100703+tlrc.HEAD	0[Stim#1_R^]	0.140793	0.090533	0.123520	0.074266	-0.068001	0.109950	0.229113	-0.006184	0.003825	-0.068397	0.066689	0.217901	0.121291	-0.018143	0.158297	-0.037009	0.025100	0.147302	0.088133
Patients/demean/globemean/zcoefMNI2_0101100720+tlrc.HEAD	0[Stim#1_R^]	0.094996	-0.065489	-0.028237	0.086316	-0.012619	-0.177304	-0.090527	-0.017018	0.166971	0.043144	-0.025697	-0.173302	-0.080625	-0.004304	-0.009593	0.053066	-0.045212	0.077929	-0.039604
Patients/demean/globemean/zcoefMNI2_0101100760+tlrc.HEAD	0[Stim#1_R^]	0.041791	-0.002399	0.001958	0.110516	-0.016088	-0.117119	-0.032859	-0.073295	-0.053586	-0.127393	0.054828	-0.006239	0.157993	0.131883	0.185826	0.138638	0.055154	0.178834	0.105667
Patients/demean/globemean/zcoefMNI2_0101100765+tlrc.HEAD	0[Stim#1_R^]	0.110471	0.212904	0.146198	0.008418	0.054970	0.280213	0.266665	-0.296353	0.303861	0.226529	0.090109	0.394662	0.052871	-0.262628	0.048479	-0.027950	0.448199	0.059032	-0.215041
Patients/demean/globemean/zcoefMNI2_0101100928+tlrc.HEAD	0[Stim#1_R^]	0.065562	0.077820	0.107645	-0.081203	0.002564	0.246410	0.138170	-0.065361	0.048636	0.304726	-0.142483	0.140288	0.050891	-0.169905	-0.158808	-0.050177	-0.182463	-0.142305	-0.045520
Patients/demean/globemean/zcoefMNI2_0101101033+tlrc.HEAD	0[Stim#1_R^]	0.193221	0.026394	0.017281	0.202565	0.058426	-0.018903	0.044207	-0.213943	0.089038	0.107349	0.166629	0.078831	0.250158	0.049929	-0.108225	-0.012265	0.054379	0.134461	0.268715
Patients/demean/globemean/zcoefMNI2_0101101155+tlrc.HEAD	0[Stim#1_R^]	0.099568	0.111584	-0.011221	0.039794	0.133394	-0.012687	-0.141387	-0.054939	-0.000889	-0.032588	0.073696	0.008055	-0.165519	0.136061	0.033972	-0.211684	0.216371	0.100678	0.083957
Patients/demean/globemean/zcoefMNI2_0101101178+tlrc.HEAD	0[Stim#1_R^]	0.120911	0.093464	0.163041	0.049499	0.028329	0.227308	0.056961	-0.151956	-0.005069	0.335945	0.132335	0.274832	0.087175	-0.109434	0.000613	-0.112288	0.000281	-0.162878	0.036794
Patients/demean/globemean/zcoefMNI2_0101101187+tlrc.HEAD	0[Stim#1_R^]	0.122830	0.104524	-0.028423	0.043018	0.101376	-0.071217	0.054533	-0.009178	0.125824	0.065641	-0.010300	0.040559	0.068019	-0.077962	-0.070916	0.086225	0.098360	-0.030646	0.055815
Patients/demean/globemean/zcoefMNI2_0101101274+tlrc.HEAD	0[Stim#1_R^]	0.110298	0.092237	0.066513	0.052274	0.128070	0.158005	0.181148	-0.067816	0.238043	0.310340	0.003209	0.292470	0.046620	0.000684	0.060987	0.110168	-0.031964	0.104029	-0.083953
Patients/demean/globemean/zcoefMNI2_0101101301+tlrc.HEAD	0[Stim#1_R^]	0.146456	0.113125	0.077786	0.188548	0.036054	-0.072765	-0.085163	-0.064859	-0.003331	-0.177137	0.076747	-0.226433	-0.078569	0.049171	0.017446	-0.029153	0.214336	0.087843	0.019880
Patients/demean/globemean/zcoefMNI2_0101101324+tlrc.HEAD	0[Stim#1_R^]	0.154186	0.050139	0.034419	0.160498	0.289566	0.232416	0.259451	-0.058766	-0.044393	0.202034	0.159124	0.268614	0.104660	0.093026	0.188285	-0.026205	0.248333	0.010196	0.135009
Patients/demean/globemean/zcoefMNI2_0101101551+tlrc.HEAD	0[Stim#1_R^]	0.062964	0.050300	0.013532	0.106893	0.009710	0.078170	0.032288	0.003975	0.124847	0.026180	0.091596	0.042885	-0.054134	-0.039048	0.028099	-0.010058	-0.020412	-0.108459	0.085255
Patients/demean/globemean/zcoefMNI2_0101101557+tlrc.HEAD	0[Stim#1_R^]	0.156545	0.121674	0.227259	0.156897	0.107240	0.315220	0.254279	-0.064193	0.149721	0.155134	0.183009	0.242692	0.248815	0.147416	0.062388	0.346879	0.139379	0.019642	0.145711
Patients/demean/globemean/zcoefMNI2_0101101690+tlrc.HEAD	0[Stim#1_R^]	0.107566	0.010165	0.103122	0.066684	0.018286	0.096446	0.125031	-0.163956	0.049724	-0.043364	0.097670	0.055439	-0.035328	0.060598	0.037819	0.303306	0.099322	0.109574	-0.036311
Patients/demean/globemean/zcoefMNI2_0101101742+tlrc.HEAD	0[Stim#1_R^]	0.145297	0.051998	0.110181	0.071439	0.019768	0.121360	0.236155	-0.008119	0.190971	0.030838	0.084498	0.378145	0.125437	0.211779	0.015636	-0.007395	-0.092312	0.117690	0.133213
Patients/demean/globemean/zcoefMNI2_0101101772+tlrc.HEAD	0[Stim#1_R^]	0.108337	0.050177	0.107107	0.056160	0.067148	0.113956	0.153161	-0.102423	0.159974	0.009985	0.036905	0.069038	0.045128	-0.114922	-0.002658	0.225920	-0.021053	-0.065659	0.117020
Patients/demean/globemean/zcoefMNI2_0101101891+tlrc.HEAD	0[Stim#1_R^]	0.116936	0.074119	0.103032	-0.023942	0.162353	-0.032765	-0.126602	-0.118325	0.010770	-0.016566	-0.045073	0.074061	-0.001313	-0.152856	0.080421	0.223016	0.223671	0.090655	0.009832
Patients/demean/globemean/zcoefMNI2_0101101894+tlrc.HEAD	0[Stim#1_R^]	0.093368	-0.037285	0.071355	0.082984	-0.021736	0.197377	0.106756	-0.010945	0.176783	0.045971	-0.140784	0.097576	-0.092815	-0.244845	0.106509	0.098714	0.062058	0.016457	-0.194558
Patients/demean/globemean/zcoefMNI2_0101101955+tlrc.HEAD	0[Stim#1_R^]	0.088634	0.015269	-0.041539	0.053628	0.000653	0.038523	0.138197	0.087832	-0.128485	-0.162379	0.252908	0.105168	0.207218	0.150087	-0.041072	0.035614	-0.049449	-0.001406	0.171477
Patients/demean/globemean/zcoefMNI2_0201100461+tlrc.HEAD	0[Stim#1_R^]	0.245469	0.143269	0.201026	0.268249	0.187422	0.042247	0.043364	-0.184009	0.184062	0.209978	0.225540	0.006531	0.370376	0.127234	0.017167	0.152851	0.189146	0.098115	0.357913
Patients/demean/globemean/zcoefMNI2_0201100813+tlrc.HEAD	0[Stim#1_R^]	0.196059	0.203837	0.153857	0.162862	0.253358	0.102386	0.100680	-0.097307	0.348462	0.120050	0.202466	0.090417	0.109672	0.147608	0.073506	0.041268	0.073156	0.216005	0.178937
Patients/demean/globemean/zcoefMNI2_0201100934+tlrc.HEAD	0[Stim#1_R^]	0.245280	0.212522	0.180392	0.084928	0.285359	0.229197	0.273968	-0.158480	0.163851	0.112014	-0.032174	0.274984	0.168483	0.188756	0.057411	0.066312	0.009712	0.062199	0.316998
Patients/demean/globemean/zcoefMNI2_0201100937+tlrc.HEAD	0[Stim#1_R^]	0.071683	0.011409	0.009609	0.115586	0.015516	-0.098798	0.033098	-0.049237	0.033659	0.007825	0.019647	-0.022686	0.016664	0.021192	0.020962	-0.078422	0.035258	0.082851	0.231198
Patients/demean/globemean/zcoefMNI2_0201100957+tlrc.HEAD	0[Stim#1_R^]	0.039087	0.006782	0.016328	-0.008412	0.054087	0.134247	0.108219	-0.160310	-0.029805	0.079342	0.009253	0.151727	0.041161	-0.018441	0.066693	-0.021173	0.090070	0.182099	-0.109659
Patients/demean/globemean/zcoefMNI2_0201100963+tlrc.HEAD	0[Stim#1_R^]	0.146107	0.104279	0.142419	0.240284	0.146432	0.016004	0.118188	-0.139321	0.005881	0.107696	0.308660	0.220947	0.128384	0.052481	0.096512	0.063552	0.130446	0.192107	0.043223
Patients/demean/globemean/zcoefMNI2_0201101012+tlrc.HEAD	0[Stim#1_R^]	0.104203	0.084077	0.034187	0.049443	0.116710	0.140935	0.120080	-0.173815	0.193445	0.117925	-0.069711	0.067824	-0.014528	-0.082346	0.020429	-0.001453	-0.054663	-0.053743	0.123421
Patients/demean/globemean/zcoefMNI2_0201101030+tlrc.HEAD	0[Stim#1_R^]	0.126910	-0.005189	0.094444	0.061143	0.017734	0.073899	0.202697	-0.149387	-0.009579	0.132399	0.029205	0.158196	0.050512	0.078145	-0.084879	-0.052250	-0.067564	0.061480	0.055348
Patients/demean/globemean/zcoefMNI2_0201101057+tlrc.HEAD	0[Stim#1_R^]	0.121205	0.095119	0.046069	0.114501	-0.046457	-0.008802	0.031586	0.026710	0.090134	-0.026501	0.097476	0.153611	0.034781	0.110726	0.004708	0.091910	0.102973	0.117737	-0.087357
Patients/demean/globemean/zcoefMNI2_0201101096+tlrc.HEAD	0[Stim#1_R^]	0.244587	0.106179	0.069614	0.236370	0.179168	0.200230	0.206408	-0.124450	0.061006	0.079521	0.136291	0.272144	0.029731	0.182247	0.112551	0.024478	0.140730	0.241544	0.084078
Patients/demean/globemean/zcoefMNI2_0201101101+tlrc.HEAD	0[Stim#1_R^]	0.099139	-0.104946	-0.060269	0.102048	-0.015681	-0.069499	-0.024404	-0.092860	-0.148336	0.018952	0.093110	0.005264	0.073578	0.248321	0.089148	0.014620	0.072389	0.226824	0.231668
Patients/demean/globemean/zcoefMNI2_0201101120+tlrc.HEAD	0[Stim#1_R^]	0.162904	0.105788	0.065061	0.136253	0.240514	0.157561	0.200363	-0.079802	0.235026	0.056858	0.098822	0.261866	0.071332	0.133132	0.074152	0.074448	0.127020	0.127841	0.092720
Patients/demean/globemean/zcoefMNI2_0201101169+tlrc.HEAD	0[Stim#1_R^]	0.097409	0.036555	0.069729	0.085406	0.045205	0.087194	0.083528	-0.033531	0.027884	0.085511	0.052833	0.024244	0.108229	-0.118786	0.128720	-0.014161	0.094630	-0.019812	0.112927
Patients/demean/globemean/zcoefMNI2_0201101356+tlrc.HEAD	0[Stim#1_R^]	0.044496	0.141978	0.116521	0.070858	0.002815	0.250770	0.157119	-0.288040	0.068404	0.208917	-0.024535	0.175986	0.077962	-0.106716	-0.052985	0.030593	0.051872	-0.000724	0.192088
Patients/demean/globemean/zcoefMNI2_0201101419+tlrc.HEAD	0[Stim#1_R^]	0.150405	0.124792	0.119250	0.133771	0.122183	0.140686	0.153231	-0.203564	0.146632	0.040738	0.006155	0.098308	0.214309	0.043950	0.234480	0.092690	0.204672	0.060671	-0.042317
Patients/demean/globemean/zcoefMNI2_0201101442+tlrc.HEAD	0[Stim#1_R^]	0.113554	0.100490	0.095962	0.037440	0.117500	0.062469	0.018593	0.004225	0.172750	0.114280	0.108496	-0.023431	0.080358	0.166240	-0.099059	0.011036	0.053916	0.189874	0.280647
Patients/demean/globemean/zcoefMNI2_0201101443+tlrc.HEAD	0[Stim#1_R^]	0.254632	0.189018	0.079078	0.201482	0.308580	0.207675	0.159925	-0.062032	0.149173	0.233574	0.130094	0.368169	0.375805	0.078306	0.057183	0.018165	0.121485	0.181341	0.372340
Patients/demean/globemean/zcoefMNI2_0201101518+tlrc.HEAD	0[Stim#1_R^]	0.231072	0.157370	0.190343	0.340816	0.270498	0.249678	0.234610	-0.160538	0.120278	0.128384	0.374614	0.273226	0.018648	0.137154	0.306449	0.125049	0.160322	0.317644	0.291150
Patients/demean/globemean/zcoefMNI2_0201101544+tlrc.HEAD	0[Stim#1_R^]	0.046578	0.109918	-0.030125	0.149952	0.017921	0.047005	0.069595	-0.017405	0.123042	0.127835	-0.066814	-0.121071	0.090356	0.246759	0.011915	0.224778	0.039320	0.246245	0.109288
Patients/demean/globemean/zcoefMNI2_0201101559+tlrc.HEAD	0[Stim#1_R^]	0.091807	0.014355	0.017885	-0.016857	0.056529	0.014245	0.063212	-0.057194	-0.130650	0.016941	-0.090476	0.272553	-0.094607	0.010759	0.207498	-0.107790	-0.023551	0.053940	0.021735
Patients/demean/globemean/zcoefMNI2_0201101563+tlrc.HEAD	0[Stim#1_R^]	0.036654	0.049978	0.129832	0.145549	0.108362	0.190820	0.052394	-0.285709	0.025702	0.212923	0.037265	0.251679	-0.171814	-0.045609	-0.008065	0.027211	0.018445	0.036200	0.034520
Patients/demean/globemean/zcoefMNI2_0201101584+tlrc.HEAD	0[Stim#1_R^]	0.083013	0.099898	0.121673	0.113818	0.053414	0.081514	-0.002796	-0.067671	0.181008	0.027206	0.144924	0.137040	0.218878	0.042299	0.001960	-0.211439	0.125516	-0.013781	0.087056
Patients/demean/globemean/zcoefMNI2_0201101646+tlrc.HEAD	0[Stim#1_R^]	0.048713	0.000496	0.066129	0.010791	-0.054601	-0.037519	-0.011538	-0.026138	-0.012704	0.118004	0.030952	-0.036679	0.287011	0.055458	0.075597	-0.056661	-0.048446	0.049507	0.046636
Patients/demean/globemean/zcoefMNI2_0201101674+tlrc.HEAD	0[Stim#1_R^]	0.129536	0.111667	0.154993	0.033681	0.108268	0.066146	0.059147	-0.181818	0.128347	0.215447	0.028388	0.036265	0.160782	0.124709	0.040674	0.166261	0.116273	0.114610	0.043029
Patients/demean/globemean/zcoefMNI2_0201101745+tlrc.HEAD	0[Stim#1_R^]	0.012861	-0.137196	-0.132768	-0.041538	-0.056502	0.000682	0.054615	-0.083542	0.098621	0.158524	-0.065221	-0.087339	-0.354673	-0.195977	-0.230419	0.041279	0.039338	-0.119398	0.025181
Patients/demean/globemean/zcoefMNI2_0201101749+tlrc.HEAD	0[Stim#1_R^]	0.163797	0.108833	0.117459	0.060617	0.088488	0.074728	0.147917	-0.101161	0.024078	0.073471	0.194923	0.145313	0.098410	0.157752	0.140455	0.018127	0.075871	0.086018	0.219769
Patients/demean/globemean/zcoefMNI2_0201101759+tlrc.HEAD	0[Stim#1_R^]	0.093657	0.057972	0.051244	-0.012242	0.009484	-0.022821	-0.049420	0.074716	0.065425	0.002128	0.019769	0.050111	0.124403	0.130094	0.044498	-0.055399	0.082993	-0.003628	0.065658
Patients/demean/globemean/zcoefMNI2_0201101844+tlrc.HEAD	0[Stim#1_R^]	0.134752	-0.035504	0.039743	0.131067	0.075984	0.153947	0.071767	-0.090534	-0.046672	0.093432	0.098727	0.088956	0.149985	0.008853	0.105305	0.008780	-0.021477	0.088024	0.056534
Patients/demean/globemean/zcoefMNI2_0201101904+tlrc.HEAD	0[Stim#1_R^]	0.139440	-0.062745	0.005937	0.027756	-0.053815	0.117277	0.108618	0.025140	0.048847	-0.109855	0.171095	0.161494	0.137368	0.103746	-0.126559	-0.199176	-0.017328	0.061016	0.073035
Patients/demean/globemean/zcoefMNI2_0201101989+tlrc.HEAD	0[Stim#1_R^]	0.090349	0.047776	-0.025410	0.010895	0.076801	0.061608	-0.004171	-0.068728	0.030530	0.106664	0.047024	-0.101357	0.070052	0.092914	0.163489	0.111951	0.106991	0.211074	0.192840
Patients/demean/globemean/zcoefMNI2_0201102026+tlrc.HEAD	0[Stim#1_R^]	0.078523	0.124362	0.080395	0.058283	0.055616	0.041792	0.156040	-0.056034	-0.027921	0.088134	0.112000	0.030202	0.071286	0.145374	-0.007830	0.054291	0.110653	0.011617	0.348712
Patients/demean/globemean/zcoefMNI2_0401100344+tlrc.HEAD	0[Stim#1_R^]	0.149073	0.171917	0.154547	0.338235	0.381564	0.011300	-0.048158	0.377518	-0.355071	-0.255456	0.280907	-0.121560	-0.065321	-0.553712	0.631632	-0.357759	1.115178	0.145816	-0.543366
Patients/demean/globemean/zcoefMNI2_0401100627+tlrc.HEAD	0[Stim#1_R^]	0.266583	0.208450	-0.109368	0.264696	0.291807	0.257156	0.268113	-0.227522	-0.131099	0.239013	-0.053742	0.258707	0.368235	0.477871	-0.043402	0.240830	0.085453	0.413338	0.523919
Patients/demean/globemean/zcoefMNI2_0401100672+tlrc.HEAD	0[Stim#1_R^]	0.157431	0.067953	0.080421	0.348793	-0.166236	0.054913	0.223067	-0.248035	-0.182501	0.217207	0.707016	0.216925	0.159660	0.208660	0.001513	-0.139956	0.360007	0.413321	-0.067361
Patients/demean/globemean/zcoefMNI2_0401100807+tlrc.HEAD	0[Stim#1_R^]	0.224473	0.285046	0.213685	0.368912	0.167770	0.175952	0.215560	-0.094707	-0.102353	0.323382	0.245263	0.125685	0.386178	0.124499	0.013526	0.015134	0.216700	0.207865	0.291829
Patients/demean/globemean/zcoefMNI2_0401100877+tlrc.HEAD	0[Stim#1_R^]	0.285471	-0.192282	-0.112801	0.153108	0.261138	0.080656	0.121525	0.170998	0.018355	0.237222	0.248383	0.430696	0.372885	0.100594	0.340816	0.299409	-0.332271	0.456652	0.374095
Patients/demean/globemean/zcoefMNI2_0401100898+tlrc.HEAD	0[Stim#1_R^]	-0.006870	-0.046701	0.004600	-0.005812	-0.300739	-0.149410	-0.166871	0.272295	-0.261872	-0.076204	0.043896	-0.246466	-0.094352	-0.077051	-0.133563	-0.120515	-0.106930	-0.108452	-0.217077
Patients/demean/globemean/zcoefMNI2_0401100953+tlrc.HEAD	0[Stim#1_R^]	0.010694	0.009316	-0.031437	-0.258580	-0.053524	0.125159	-0.082196	0.114422	0.447851	-0.033137	-0.207482	0.594546	0.241194	-0.109886	-0.594969	-0.389109	-0.074201	0.062575	-0.008646
Patients/demean/globemean/zcoefMNI2_0401100964+tlrc.HEAD	0[Stim#1_R^]	0.084241	0.046393	-0.048805	-0.138580	0.261669	-0.018668	0.076536	-0.149661	0.070622	0.032567	-0.076493	-0.104887	-0.018294	-0.045664	0.168904	0.025087	-0.153181	-0.225875	0.194474
Patients/demean/globemean/zcoefMNI2_0401100965+tlrc.HEAD	0[Stim#1_R^]	0.151422	0.291854	0.169206	-0.091408	0.270052	0.095453	0.230159	-0.366951	0.394753	0.516547	0.464491	-0.331849	0.072938	-0.135982	0.182651	0.248812	0.191208	0.045582	0.387060
Patients/demean/globemean/zcoefMNI2_0401100977+tlrc.HEAD	0[Stim#1_R^]	0.452085	0.217124	0.327862	0.469975	0.542028	0.249691	0.252178	-0.191401	0.173833	0.359466	0.240523	0.450690	0.538274	0.622978	0.248360	0.237045	0.065348	0.612143	0.734441
Patients/demean/globemean/zcoefMNI2_0401101089+tlrc.HEAD	0[Stim#1_R^]	0.141235	0.106206	0.073427	0.154391	0.245540	0.311215	0.220786	-0.164693	0.200807	0.053469	0.326833	0.170776	0.114599	0.251876	0.044018	-0.033497	0.421587	0.326369	0.365112
Patients/demean/globemean/zcoefMNI2_0401101129+tlrc.HEAD	0[Stim#1_R^]	-0.047592	-0.095371	-0.038088	-0.208756	0.005808	0.044521	0.025936	0.083949	0.119566	0.091858	-0.138202	0.051813	-0.050349	-0.069984	0.171198	-0.028739	-0.199590	-0.048367	0.002957
Patients/demean/globemean/zcoefMNI2_0401101157+tlrc.HEAD	0[Stim#1_R^]	0.107742	0.112370	0.029790	0.136347	0.014216	0.071657	-0.005502	0.121120	0.052822	-0.009527	0.238253	0.068443	0.268333	0.187422	0.158289	0.050044	-0.248572	0.117287	0.204304
Patients/demean/globemean/zcoefMNI2_0401101451+tlrc.HEAD	0[Stim#1_R^]	0.123465	0.011691	-0.023351	0.123281	0.121121	0.051133	0.105748	-0.122595	0.047520	-0.124370	0.005730	0.064535	-0.243949	-0.128307	-0.085453	0.122000	-0.140022	-0.155772	-0.171978
Patients/demean/globemean/zcoefMNI2_0401101534+tlrc.HEAD	0[Stim#1_R^]	-0.039979	0.237547	0.114819	-0.259636	-0.121390	-0.245383	-0.024502	0.102203	0.146154	0.120833	0.004787	-0.085929	0.200059	0.166852	-0.207741	0.010932	-0.128056	0.017368	0.029796
Patients/demean/globemean/zcoefMNI2_0401101592+tlrc.HEAD	0[Stim#1_R^]	0.455953	0.261206	0.089608	0.271709	0.461273	0.591449	0.554107	0.054718	0.420429	0.432495	-0.104026	0.566263	0.675940	0.611155	-0.272137	0.368250	0.254390	0.279249	0.805339
Patients/demean/globemean/zcoefMNI2_0401101713+tlrc.HEAD	0[Stim#1_R^]	0.217076	0.074446	0.027722	0.140390	0.184259	0.093328	0.166638	-0.414721	0.247792	0.223610	0.092514	0.211395	0.146841	0.023127	0.285104	0.169619	-0.068269	-0.089829	0.055063
Patients/demean/globemean/zcoefMNI2_0401101873+tlrc.HEAD	0[Stim#1_R^]	0.207077	-0.136815	0.154209	0.177842	0.101150	0.256192	0.244111	0.057291	-0.167292	0.116019	0.234683	0.518602	0.335507	0.282088	-0.023485	-0.131117	0.363034	0.417582	0.204795
Patients/demean/globemean/zcoefMNI2_0401101913+tlrc.HEAD	0[Stim#1_R^]	0.123569	0.220891	0.243147	-0.077918	-0.208438	-0.139800	0.032904	0.090648	0.363105	-0.114776	0.050681	-0.088993	0.123698	-0.134391	0.252282	-0.023042	-0.193604	-0.285652	0.023736
Patients/demean/globemean/zcoefMNI2_0401101922+tlrc.HEAD	0[Stim#1_R^]	0.004387	-0.047371	-0.096286	0.056270	0.040444	0.058101	0.225177	-0.008925	-0.032254	0.029078	0.237752	-0.205686	-0.401547	-0.268918	-0.041442	0.097466	-0.184683	-0.002224	-0.382904
Patients/demean/globemean/zcoefMNI2_0401101968+tlrc.HEAD	0[Stim#1_R^]	0.046581	-0.146412	-0.135886	0.124903	0.096245	0.028297	0.062346	0.046426	-0.211768	-0.005824	0.171612	-0.015836	-0.130977	0.048550	0.018758	-0.168360	-0.120195	-0.024097	-0.115623
Patients/demean/globemean/zcoefMNI2_0401101974+tlrc.HEAD	0[Stim#1_R^]	0.087865	0.112430	0.123960	0.012757	-0.094221	-0.043239	-0.093425	-0.096720	0.204804	0.129544	0.009344	0.453056	0.184365	0.436859	-0.144522	0.099575	0.032074	0.275793	0.303116
Patients/demean/globemean/zcoefMNI2_0401101988+tlrc.HEAD	0[Stim#1_R^]	-0.026296	0.124028	0.003977	-0.127750	-0.105418	0.072065	0.138662	0.054253	-0.134535	-0.084243	0.086624	-0.023365	-0.124944	-0.063309	0.146364	0.223300	-0.121593	-0.062320	-0.027876
Patients/demean/globemean/zcoefMNI2_0602101135+tlrc.HEAD	0[Stim#1_R^]	0.169676	-0.007343	0.023230	0.248688	0.074256	0.115790	0.371581	-0.114872	0.024495	0.063058	0.366347	0.263955	0.351568	0.363846	-0.072617	0.001319	0.121501	0.282760	0.419605
Patients/demean/globemean/zcoefMNI2_0602101526+tlrc.HEAD	0[Stim#1_R^]	-0.058264	-0.249601	-0.174496	-0.022476	0.123382	-0.010682	-0.196466	-0.484686	-0.230149	0.256026	-0.118264	-0.331180	-0.218792	-0.241254	-0.089410	-0.155300	-0.004720	-0.244479	-0.216177
Patients/demean/globemean/zcoefMNI2_0602101575+tlrc.HEAD	0[Stim#1_R^]	0.209145	0.200258	0.107517	0.192050	0.034004	-0.014723	0.026711	-0.287554	0.042867	0.344817	-0.160985	0.391952	0.104401	0.096196	0.209157	-0.002505	0.129545	-0.200746	-0.015530
Patients/demean/globemean/zcoefMNI2_0602101626+tlrc.HEAD	0[Stim#1_R^]	0.095307	0.083974	0.104321	0.004303	-0.163811	-0.206087	-0.033205	-0.072042	0.025652	-0.427737	-0.050709	-0.223854	-0.013510	-0.142718	0.061178	-0.301498	-0.291844	0.237781	0.022880
Patients/demean/globemean/zcoefMNI2_0602101880+tlrc.HEAD	0[Stim#1_R^]	0.066476	-0.178561	-0.142740	0.161099	-0.005584	-0.074806	0.110211	0.275579	-0.130931	-0.180980	0.155261	0.111861	-0.207641	-0.488521	-0.085988	-0.045646	0.011500	0.109080	-0.114913
Patients/demean/globemean/zcoefMNI2_0602101896+tlrc.HEAD	0[Stim#1_R^]	0.079548	0.146903	0.025133	-0.182616	-0.112482	0.044764	-0.031777	-0.110803	-0.096069	0.134870	0.192663	-0.219734	0.015971	0.406264	-0.053157	0.027275	0.511461	0.148585	-0.010696
Patients/demean/globemean/zcoefMNI2_0704101001+tlrc.HEAD	0[Stim#1_R^]	0.081237	-0.159920	-0.014661	0.028513	0.197063	-0.123574	-0.052992	-0.129968	-0.149088	-0.000806	0.109788	-0.027910	0.090910	-0.020063	-0.317586	0.177368	0.039541	-0.066225	0.025125
Patients/demean/globemean/zcoefMNI2_0704101020+tlrc.HEAD	0[Stim#1_R^]	0.235831	0.182703	0.197766	0.215499	0.207659	0.088465	0.163759	-0.264655	0.266908	0.190290	0.053303	-0.093815	-0.097990	0.072965	0.270283	0.184949	0.189059	-0.009540	0.204742
Patients/demean/globemean/zcoefMNI2_0704101083+tlrc.HEAD	0[Stim#1_R^]	0.181809	0.148898	-0.007864	0.174826	0.037906	-0.059770	-0.099120	-0.274253	0.157476	-0.045636	0.280013	-0.109941	0.145262	0.352866	-0.078998	0.010731	0.404911	0.133648	0.145064
Patients/demean/globemean/zcoefMNI2_0704101086+tlrc.HEAD	0[Stim#1_R^]	0.089464	0.114940	0.065590	-0.005481	0.256136	0.078995	0.192145	-0.393392	0.194934	0.279729	0.104149	0.120275	0.198312	0.178892	-0.045788	0.302164	0.129449	0.152657	0.275080
Patients/demean/globemean/zcoefMNI2_0704101090+tlrc.HEAD	0[Stim#1_R^]	0.112960	0.102310	-0.031473	-0.054522	-0.140044	-0.005452	-0.093278	0.212500	-0.119639	0.409471	0.198795	-0.017656	0.223789	0.219612	-0.094841	-0.089238	0.269645	0.052603	0.204320
Patients/demean/globemean/zcoefMNI2_0704101128+tlrc.HEAD	0[Stim#1_R^]	0.123811	0.095783	0.184723	0.209990	-0.007029	0.364145	0.169265	0.027162	-0.183131	0.177689	0.256994	0.139114	0.188247	0.018028	0.188058	-0.108506	0.268951	-0.166217	0.312693
Patients/demean/globemean/zcoefMNI2_0704101139+tlrc.HEAD	0[Stim#1_R^]	0.084388	0.021630	-0.022793	-0.012034	-0.054925	-0.024922	0.062258	-0.110819	0.182090	0.020818	0.114888	-0.227992	0.134441	0.037736	-0.190123	-0.201858	0.013385	0.001355	-0.038006
Patients/demean/globemean/zcoefMNI2_0704101203+tlrc.HEAD	0[Stim#1_R^]	0.125204	0.146583	0.288748	-0.054413	-0.034268	0.022502	0.100514	-0.130102	0.133412	-0.009949	0.157076	-0.232992	0.196045	0.164124	-0.144653	-0.198909	0.046042	-0.009610	0.288344
Patients/demean/globemean/zcoefMNI2_0704101254+tlrc.HEAD	0[Stim#1_R^]	0.300045	0.229375	0.252900	0.130130	0.232088	0.241737	0.188759	0.458981	0.183451	0.317189	0.464447	0.304754	0.444420	-0.023310	0.243888	-0.279745	0.125661	0.176868	0.528934
Patients/demean/globemean/zcoefMNI2_0704101299+tlrc.HEAD	0[Stim#1_R^]	0.139364	-0.043895	-0.083836	-0.012915	-0.057319	0.003126	-0.072538	-0.059383	-0.202064	-0.185685	-0.014800	0.121184	0.135362	0.215021	-0.273217	-0.006820	0.014468	0.186155	-0.099633
Patients/demean/globemean/zcoefMNI2_0704101325+tlrc.HEAD	0[Stim#1_R^]	0.026061	0.146282	0.220637	0.121323	0.052578	-0.027423	0.008531	0.114067	0.047991	0.148248	0.147337	0.248902	0.031675	-0.224892	0.096798	0.056898	0.073578	-0.333647	-0.338518
Patients/demean/globemean/zcoefMNI2_0704101450+tlrc.HEAD	0[Stim#1_R^]	-0.044068	-0.248271	-0.250905	0.009009	-0.150953	-0.062334	-0.031887	0.043187	-0.332791	-0.299882	-0.182884	-0.166391	0.199405	0.093434	-0.187870	-0.240442	0.067054	-0.173496	-0.383779
Patients/demean/globemean/zcoefMNI2_0704101468+tlrc.HEAD	0[Stim#1_R^]	-0.048357	0.029709	0.004540	-0.131415	-0.173270	-0.168588	-0.257015	-0.225439	-0.148443	-0.126291	-0.058125	-0.253103	0.069362	-0.174629	0.050246	-0.143978	-0.350209	-0.275378	-0.057362
Patients/demean/globemean/zcoefMNI2_0704101728+tlrc.HEAD	0[Stim#1_R^]	0.027649	-0.114320	-0.069796	-0.024608	0.020123	0.001036	0.084436	-0.053209	-0.057690	0.104777	-0.096751	-0.068168	-0.122982	-0.107823	-0.093696	-0.150853	-0.120887	-0.201603	-0.265606
Patients/demean/globemean/zcoefMNI2_0704101833+tlrc.HEAD	0[Stim#1_R^]	-0.002569	-0.067186	-0.189716	0.116706	-0.152124	-0.152616	-0.119166	0.170374	-0.372657	-0.149462	-0.339364	0.217038	-0.175025	0.133589	-0.077009	-0.111391	0.230511	0.491393	-0.137904
Patients/demean/globemean/zcoefMNI2_0704101866+tlrc.HEAD	0[Stim#1_R^]	0.194960	0.233210	0.202682	0.274297	0.021359	0.155150	0.282219	0.206736	-0.003157	0.046625	0.062700	0.383566	0.609483	0.320278	0.143760	0.434765	0.096225	0.159490	0.267514
Patients/demean/globemean/zcoefMNI2_0704101881+tlrc.HEAD	0[Stim#1_R^]	0.007160	-0.127488	-0.079316	-0.005140	0.177089	-0.077456	-0.038892	0.084478	0.161760	-0.043275	0.035865	-0.200635	0.052847	-0.232980	-0.131497	-0.092289	-0.329049	-0.237706	0.004300
Patients/demean/globemean/zcoefMNI2_0704101962+tlrc.HEAD	0[Stim#1_R^]	0.163811	0.148977	0.232265	0.251051	0.253072	0.297520	0.225680	-0.208406	0.143273	0.021504	0.122142	0.162287	-0.041019	-0.020744	0.159525	-0.031628	0.037008	-0.086523	0.279060
HealthyControl/demean/globemean/zcoefMNI2_0101100692+tlrc.HEAD	0[Stim#1_R^]	0.189936	0.006802	0.057307	0.141598	0.058359	-0.004115	-0.008893	-0.130677	0.024348	-0.057261	0.114373	0.050785	0.057532	0.071891	0.075418	0.143891	0.153971	0.245222	0.099275
HealthyControl/demean/globemean/zcoefMNI2_0101100694+tlrc.HEAD	0[Stim#1_R^]	0.207248	0.165601	0.109707	0.157635	0.244450	0.144926	0.186145	-0.174249	0.191614	0.001211	0.091215	0.120252	0.138544	0.157869	-0.126336	-0.000875	0.206910	0.392055	0.158640
HealthyControl/demean/globemean/zcoefMNI2_0101100836+tlrc.HEAD	0[Stim#1_R^]	0.096506	0.077616	0.059030	0.055072	0.168599	0.076185	0.075655	0.059951	-0.053209	-0.046557	-0.000890	-0.018685	-0.062838	0.008148	0.055729	0.144030	0.080019	-0.085247	-0.002054
HealthyControl/demean/globemean/zcoefMNI2_0101101082+tlrc.HEAD	0[Stim#1_R^]	0.234376	0.312036	0.309164	0.326376	0.050760	0.057133	0.155960	-0.033389	0.300808	0.022572	0.276830	0.359486	0.402087	0.496302	0.255338	0.081668	0.274647	0.336127	0.437067
HealthyControl/demean/globemean/zcoefMNI2_0101101162+tlrc.HEAD	0[Stim#1_R^]	0.199298	0.216970	0.153295	0.199896	0.183960	0.199198	0.159492	-0.072155	0.173514	0.386882	0.173855	0.135471	0.317285	0.267310	0.114355	0.192816	0.167415	0.211850	-0.084553
HealthyControl/demean/globemean/zcoefMNI2_0101101197+tlrc.HEAD	0[Stim#1_R^]	0.107678	-0.042615	-0.055001	-0.011365	-0.166506	0.077774	0.086781	-0.021307	0.020276	0.013131	-0.101883	-0.190087	-0.097001	-0.084166	0.078251	-0.109772	-0.029801	-0.200568	-0.103238
HealthyControl/demean/globemean/zcoefMNI2_0101101199+tlrc.HEAD	0[Stim#1_R^]	0.140651	0.223708	-0.075331	0.151920	0.154222	-0.008041	-0.181101	-0.253619	0.089823	0.172528	0.031353	0.072902	0.177221	0.092933	0.085127	0.066194	0.181927	0.173560	0.335260
HealthyControl/demean/globemean/zcoefMNI2_0101101231+tlrc.HEAD	0[Stim#1_R^]	0.110949	0.062899	0.132968	0.139737	0.003291	0.159096	0.047591	-0.247386	0.243544	0.155916	0.242035	0.210256	0.201434	0.228812	-0.012632	0.134857	0.158189	0.075338	0.172955
HealthyControl/demean/globemean/zcoefMNI2_0101101239+tlrc.HEAD	0[Stim#1_R^]	0.128337	0.163931	0.145831	0.181530	0.015774	0.043614	0.001833	-0.005595	0.141969	-0.045197	0.348078	0.149022	0.160973	0.225419	0.118890	0.061460	-0.070281	0.182407	0.090887
HealthyControl/demean/globemean/zcoefMNI2_0101101248+tlrc.HEAD	0[Stim#1_R^]	0.156606	-0.052708	0.121979	0.196542	-0.008572	-0.003715	0.130962	-0.103965	0.061222	-0.188291	0.158685	-0.055306	0.304699	-0.151182	0.145977	-0.228697	0.083976	-0.278900	-0.065244
HealthyControl/demean/globemean/zcoefMNI2_0101101272+tlrc.HEAD	0[Stim#1_R^]	0.231018	0.161036	0.101505	0.151325	0.296756	0.259683	0.299271	-0.056712	0.140196	0.195521	0.108883	0.310783	0.040687	0.148759	0.224435	0.051886	0.106441	0.269419	0.255588
HealthyControl/demean/globemean/zcoefMNI2_0101101278+tlrc.HEAD	0[Stim#1_R^]	0.198236	0.091984	0.121606	0.198622	0.034602	0.156593	0.141818	-0.099158	0.168029	0.241239	0.174712	0.104806	0.266591	0.199529	0.136936	-0.005815	0.074291	0.116654	0.426626
HealthyControl/demean/globemean/zcoefMNI2_0101101284+tlrc.HEAD	0[Stim#1_R^]	0.056388	0.020456	-0.013096	0.000403	0.029608	0.027714	-0.018252	0.094756	-0.099844	0.068795	-0.059212	-0.272561	0.078175	0.210025	0.199794	0.116004	-0.005865	0.261293	0.133478
HealthyControl/demean/globemean/zcoefMNI2_0101101287+tlrc.HEAD	0[Stim#1_R^]	0.072205	0.100764	0.048797	0.123989	0.108247	0.126849	0.094502	-0.075738	0.123108	0.144807	0.063950	0.031985	0.013493	-0.037012	0.115766	0.242038	0.183248	0.141409	0.070591
HealthyControl/demean/globemean/zcoefMNI2_0101101292+tlrc.HEAD	0[Stim#1_R^]	0.083646	0.034428	-0.049313	0.013244	0.195613	0.046572	0.054011	-0.161057	0.005440	0.053246	0.176339	-0.121038	0.069018	0.087760	0.059640	0.051751	0.045893	0.053683	0.109847
HealthyControl/demean/globemean/zcoefMNI2_0101101300+tlrc.HEAD	0[Stim#1_R^]	-0.013420	0.082420	0.195419	-0.144280	-0.154383	0.021637	0.166814	-0.079397	-0.257069	0.091227	-0.073721	-0.055139	0.076318	0.022007	-0.085782	-0.213847	0.148260	0.062772	-0.041396
HealthyControl/demean/globemean/zcoefMNI2_0101101302+tlrc.HEAD	0[Stim#1_R^]	0.219213	0.195714	0.114569	0.290536	0.212027	0.320558	0.362070	-0.072432	0.079555	0.283784	0.141637	0.336096	0.266769	0.323277	0.046585	-0.008184	0.115427	0.213361	0.247317
HealthyControl/demean/globemean/zcoefMNI2_0101101341+tlrc.HEAD	0[Stim#1_R^]	0.134373	0.126475	0.080301	0.043304	0.150976	0.131341	0.053778	-0.134417	-0.000721	0.079668	-0.008948	-0.087796	-0.180338	0.232700	0.243454	0.051733	-0.035783	0.164913	0.340287
HealthyControl/demean/globemean/zcoefMNI2_0101101374+tlrc.HEAD	0[Stim#1_R^]	0.101320	-0.023574	-0.051635	0.095043	0.097111	0.003415	0.048911	-0.053854	0.122384	0.186656	0.092049	0.131649	0.114624	-0.021619	-0.037480	-0.014676	-0.003758	0.000684	-0.050255
HealthyControl/demean/globemean/zcoefMNI2_0101101420+tlrc.HEAD	0[Stim#1_R^]	0.103878	0.152613	0.171892	0.124771	0.054638	0.235368	0.270538	-0.130982	0.126229	0.056425	0.080243	0.167800	0.121058	0.178527	0.059659	0.107580	-0.098667	0.244259	0.029507
HealthyControl/demean/globemean/zcoefMNI2_0101101428+tlrc.HEAD	0[Stim#1_R^]	0.079161	0.008730	0.000989	-0.053710	0.059086	0.052065	-0.038045	-0.199369	0.005985	-0.027607	0.131490	0.111435	-0.035817	0.155562	0.016833	-0.007092	0.007007	-0.034554	0.141975
HealthyControl/demean/globemean/zcoefMNI2_0101101501+tlrc.HEAD	0[Stim#1_R^]	0.223687	0.147839	0.191072	0.261827	0.265732	-0.068188	0.002093	-0.012732	-0.200041	0.168209	0.265363	-0.126303	0.254629	0.229970	0.334731	0.083815	0.086912	0.380161	0.312058
HealthyControl/demean/globemean/zcoefMNI2_0101102021+tlrc.HEAD	0[Stim#1_R^]	0.181076	0.145454	0.128602	-0.024173	0.219565	0.183385	0.175886	-0.360994	0.251297	0.140113	-0.090280	0.210154	0.192020	0.007655	0.243584	0.459669	0.133627	0.025522	0.273500
HealthyControl/demean/globemean/zcoefMNI2_0201100633+tlrc.HEAD	0[Stim#1_R^]	0.230339	0.107305	0.203191	0.273385	0.275108	0.300055	0.375153	-0.208015	0.196071	0.211325	0.087854	0.290504	0.221443	-0.061531	0.218426	0.052525	0.059468	0.020849	0.096141
HealthyControl/demean/globemean/zcoefMNI2_0201100634+tlrc.HEAD	0[Stim#1_R^]	0.109119	0.057954	0.043231	0.067041	0.104838	0.100377	0.089146	-0.036246	0.036142	-0.012694	0.078354	0.137364	0.012557	0.085004	-0.000420	0.107841	0.043446	0.018876	-0.021683
HealthyControl/demean/globemean/zcoefMNI2_0201100650+tlrc.HEAD	0[Stim#1_R^]	0.182197	0.106573	0.221018	0.125465	0.029339	0.062064	0.083997	-0.227743	0.008929	0.166088	0.202740	0.127901	0.280964	0.140853	0.007704	0.043419	0.008601	0.151505	0.206538
HealthyControl/demean/globemean/zcoefMNI2_0201100660+tlrc.HEAD	0[Stim#1_R^]	0.042947	-0.018023	-0.035886	-0.060166	0.051535	-0.052942	-0.120844	-0.271483	0.038938	-0.057290	-0.140988	-0.095386	-0.091838	-0.071266	0.026522	-0.056241	0.109131	-0.065169	0.130597
HealthyControl/demean/globemean/zcoefMNI2_0201100661+tlrc.HEAD	0[Stim#1_R^]	0.083005	0.020427	-0.048117	-0.088395	-0.031818	-0.082408	-0.103978	-0.106402	0.067458	0.104525	0.068973	0.044307	-0.100530	-0.033406	0.142751	-0.069807	0.032785	0.077478	-0.078719
HealthyControl/demean/globemean/zcoefMNI2_0201100728+tlrc.HEAD	0[Stim#1_R^]	0.175883	0.223165	0.132346	0.109684	0.173228	0.136194	0.100509	-0.015777	0.272694	0.190760	0.069546	0.047532	0.219236	0.395131	0.047831	0.271612	0.210174	0.197408	0.134087
HealthyControl/demean/globemean/zcoefMNI2_0201100738+tlrc.HEAD	0[Stim#1_R^]	0.071099	0.048298	-0.018726	0.107262	-0.048534	0.017888	-0.008495	0.010557	0.159280	0.079585	-0.190392	0.085425	0.179419	-0.042125	-0.097042	0.076562	-0.067043	0.081933	0.167222
HealthyControl/demean/globemean/zcoefMNI2_0201100834+tlrc.HEAD	0[Stim#1_R^]	0.108755	0.114696	0.119425	0.009692	0.168766	0.205969	0.215935	0.039609	0.130008	0.128751	0.074734	0.246058	0.020477	-0.017587	0.062393	0.188771	0.169529	-0.013803	0.169320
HealthyControl/demean/globemean/zcoefMNI2_0201100849+tlrc.HEAD	0[Stim#1_R^]	0.116437	0.094826	0.031711	-0.063135	0.066876	0.128541	0.120270	-0.015136	0.110519	-0.009796	-0.065120	0.062059	0.055890	0.044256	0.241343	0.047587	0.018456	0.066831	0.085644
HealthyControl/demean/globemean/zcoefMNI2_0201100908+tlrc.HEAD	0[Stim#1_R^]	0.169563	0.119874	0.139608	0.140262	0.116095	0.071964	0.071040	-0.195146	0.216912	0.114023	0.151015	0.127756	0.078662	0.150080	0.042234	0.139522	0.054027	-0.001929	0.103814
HealthyControl/demean/globemean/zcoefMNI2_0201100927+tlrc.HEAD	0[Stim#1_R^]	0.111606	0.108519	0.134841	0.108380	0.081126	0.115787	0.156622	-0.031853	0.076101	0.064283	0.040951	-0.011275	0.437122	0.041481	-0.100509	0.132190	0.300570	0.163246	-0.037691
HealthyControl/demean/globemean/zcoefMNI2_0201101064+tlrc.HEAD	0[Stim#1_R^]	0.084544	0.093167	0.092326	-0.000210	-0.007609	0.012286	0.180434	-0.031873	0.019385	0.192790	0.258347	0.048665	-0.028156	0.015141	0.008854	0.172973	0.412508	-0.071272	0.213965
HealthyControl/demean/globemean/zcoefMNI2_0201101098+tlrc.HEAD	0[Stim#1_R^]	0.137305	0.148976	0.131278	0.034419	0.098840	0.048474	0.214856	-0.123386	0.113421	0.082321	0.122907	0.212285	0.197446	0.156234	0.263947	0.068161	0.107812	0.137634	0.064435
HealthyControl/demean/globemean/zcoefMNI2_0201101103+tlrc.HEAD	0[Stim#1_R^]	0.131946	0.059388	-0.025550	-0.032785	0.119439	0.075892	0.120163	-0.101509	0.113215	0.038423	0.112033	0.072636	-0.007488	0.143046	-0.158749	0.045434	0.035814	0.072891	-0.000687
HealthyControl/demean/globemean/zcoefMNI2_0201101167+tlrc.HEAD	0[Stim#1_R^]	0.185845	0.077581	0.038586	0.066616	0.207078	0.157329	0.159706	-0.110421	0.065329	-0.015706	0.052413	0.227756	0.119785	0.200389	0.136252	0.183855	0.184579	0.296597	0.158155
HealthyControl/demean/globemean/zcoefMNI2_0201101168+tlrc.HEAD	0[Stim#1_R^]	0.110814	0.027194	0.110370	0.170425	-0.114554	-0.007728	-0.075156	-0.018160	0.102479	0.255173	0.054850	0.011440	0.065962	0.203039	-0.027248	0.042796	-0.050030	0.108496	-0.176986
HealthyControl/demean/globemean/zcoefMNI2_0201101194+tlrc.HEAD	0[Stim#1_R^]	0.060649	-0.061118	0.027069	0.095212	0.038106	-0.023368	-0.017382	-0.112821	-0.144406	-0.092921	0.042488	-0.045185	-0.279869	0.146013	0.088679	0.084585	0.059539	0.211470	-0.169595
HealthyControl/demean/globemean/zcoefMNI2_0201101234+tlrc.HEAD	0[Stim#1_R^]	0.111003	0.109080	0.161368	0.133454	0.079898	0.033422	0.101423	0.035538	0.082878	0.108569	0.133916	0.085096	0.254383	-0.051946	0.012134	0.241585	0.101921	-0.060261	0.292615
HealthyControl/demean/globemean/zcoefMNI2_0201101308+tlrc.HEAD	0[Stim#1_R^]	0.137200	0.123894	0.028135	0.002216	0.145641	0.104380	0.149515	-0.190804	0.098003	0.064503	-0.023805	-0.066359	0.106819	0.184484	0.066116	0.032152	-0.093024	-0.014883	0.294540
HealthyControl/demean/globemean/zcoefMNI2_0201101340+tlrc.HEAD	0[Stim#1_R^]	0.237701	0.114129	0.074870	0.161111	0.301313	-0.012294	0.034859	0.013058	0.209452	-0.043990	0.115903	0.111790	0.001521	0.016288	0.083881	0.240673	0.273520	-0.019136	0.121867
HealthyControl/demean/globemean/zcoefMNI2_0201101391+tlrc.HEAD	0[Stim#1_R^]	0.055806	0.123206	0.057303	0.063974	0.007619	0.098982	0.074849	-0.025150	-0.064276	-0.061194	0.165427	0.159431	0.352908	0.114148	0.008854	-0.034626	-0.083460	0.092540	0.131976
HealthyControl/demean/globemean/zcoefMNI2_0201101498+tlrc.HEAD	0[Stim#1_R^]	0.123341	0.072054	-0.020150	0.113576	0.059757	0.120449	0.042617	-0.066881	0.062988	0.149801	0.100572	0.033131	0.111135	0.206028	0.182005	0.070176	0.115972	0.205784	0.088662
HealthyControl/demean/globemean/zcoefMNI2_0201101499+tlrc.HEAD	0[Stim#1_R^]	0.123478	0.120347	0.192449	0.142718	0.052346	0.067797	0.072334	0.029591	0.006645	0.183821	0.083293	-0.007005	0.162524	0.315418	0.055261	-0.088150	-0.020612	0.062531	0.036042
HealthyControl/demean/globemean/zcoefMNI2_0201101500+tlrc.HEAD	0[Stim#1_R^]	0.265107	0.257249	0.204298	0.137043	0.397632	0.350111	0.385702	-0.170930	0.227660	0.270712	0.236575	0.448264	0.209544	0.183467	0.067549	0.016755	0.097137	0.121463	0.295551
HealthyControl/demean/globemean/zcoefMNI2_0201101583+tlrc.HEAD	0[Stim#1_R^]	0.120157	0.084636	0.078554	0.002878	0.073038	0.149450	0.124173	-0.055693	-0.017236	0.034406	0.061761	0.030619	0.088870	0.026748	0.107778	0.054209	0.014100	0.108172	0.051683
HealthyControl/demean/globemean/zcoefMNI2_0201101686+tlrc.HEAD	0[Stim#1_R^]	0.081630	0.161669	0.072925	0.102078	0.056199	0.067021	0.207920	-0.161424	0.025791	0.127829	0.028148	0.207567	0.094895	0.037733	0.068970	0.097735	0.030183	0.030813	-0.057909
HealthyControl/demean/globemean/zcoefMNI2_0201101782+tlrc.HEAD	0[Stim#1_R^]	0.075211	0.090722	0.096398	0.086199	0.060007	0.095388	-0.007582	-0.119661	0.093910	0.171024	0.071130	-0.018187	0.230691	-0.119867	0.125734	0.086978	-0.030451	0.031647	0.052258
HealthyControl/demean/globemean/zcoefMNI2_0201101791+tlrc.HEAD	0[Stim#1_R^]	0.071816	0.008019	0.060011	0.033088	0.038418	-0.067742	0.011449	-0.108512	-0.056632	-0.090585	0.165099	-0.153823	-0.077346	0.099324	-0.046937	-0.064888	0.150799	0.010954	0.114594
HealthyControl/demean/globemean/zcoefMNI2_0201101800+tlrc.HEAD	0[Stim#1_R^]	0.080974	-0.129216	-0.120439	-0.140152	-0.049935	-0.026067	-0.108423	-0.081270	-0.042647	0.029263	-0.024027	0.039228	-0.230920	-0.113055	-0.104213	-0.082751	0.029837	-0.208322	0.089411
HealthyControl/demean/globemean/zcoefMNI2_0201101815+tlrc.HEAD	0[Stim#1_R^]	0.199153	0.169313	0.192357	0.276453	0.182959	0.156911	0.109082	-0.061440	0.165562	0.105135	0.227370	0.165583	0.221072	0.145875	0.140376	0.168901	0.224639	0.073609	0.066547
HealthyControl/demean/globemean/zcoefMNI2_0201101855+tlrc.HEAD	0[Stim#1_R^]	0.099433	0.100412	0.001401	0.062364	0.074792	0.032323	-0.006328	0.018519	-0.036589	-0.071331	0.157092	-0.073395	0.057920	0.102580	0.026190	0.051190	-0.044440	0.133117	0.098328
HealthyControl/demean/globemean/zcoefMNI2_0201101875+tlrc.HEAD	0[Stim#1_R^]	0.098470	-0.019322	0.045575	-0.172602	0.209645	0.107135	0.117693	-0.060621	-0.111998	0.031660	-0.218522	0.199069	-0.029859	-0.113712	0.037252	0.206823	0.030677	-0.175477	0.055609
HealthyControl/demean/globemean/zcoefMNI2_0201101914+tlrc.HEAD	0[Stim#1_R^]	0.122406	0.086015	0.087744	0.092599	0.071515	-0.036850	-0.062678	-0.072209	0.235132	0.141140	0.168842	-0.032449	0.138963	0.172941	0.088635	-0.003234	0.247563	0.124704	0.102462
HealthyControl/demean/globemean/zcoefMNI2_0201101937+tlrc.HEAD	0[Stim#1_R^]	0.053041	-0.021848	-0.088486	-0.037708	-0.055668	-0.001029	-0.027809	-0.143013	-0.091302	0.013431	-0.160879	-0.124596	0.023832	0.041464	-0.142995	0.174372	-0.169406	0.209739	-0.047763
HealthyControl/demean/globemean/zcoefMNI2_0401101017+tlrc.HEAD	0[Stim#1_R^]	0.045588	-0.030198	-0.085380	-0.039539	0.118316	0.105016	0.125896	-0.075507	-0.065611	-0.141088	0.019444	-0.107861	-0.094081	0.011232	0.135754	0.126923	0.105788	0.054363	0.025167
HealthyControl/demean/globemean/zcoefMNI2_0401101021+tlrc.HEAD	0[Stim#1_R^]	0.017307	0.024213	-0.067831	-0.072667	-0.037149	-0.227648	-0.077438	-0.142852	0.073140	-0.077676	0.284170	-0.153291	-0.116397	-0.118008	-0.055265	-0.034637	0.120924	0.053831	-0.133520
HealthyControl/demean/globemean/zcoefMNI2_0401101062+tlrc.HEAD	0[Stim#1_R^]	0.174853	0.215081	0.158774	0.058230	0.200449	0.186904	0.274736	-0.222122	0.429288	0.146140	-0.061931	0.104825	0.285082	0.415158	-0.211789	0.035443	0.026807	-0.028888	0.243424
HealthyControl/demean/globemean/zcoefMNI2_0401101175+tlrc.HEAD	0[Stim#1_R^]	0.092375	-0.033936	0.045925	0.037552	-0.079166	-0.213140	-0.151037	-0.287374	0.107877	-0.100151	-0.028554	-0.203742	-0.033231	-0.271874	0.071748	-0.042364	-0.110642	-0.338893	-0.149100
HealthyControl/demean/globemean/zcoefMNI2_0401101217+tlrc.HEAD	0[Stim#1_R^]	0.434509	0.322665	0.221343	0.623671	0.307264	0.832989	0.750639	-0.102887	0.138556	0.433548	0.552772	0.158451	0.748133	0.308918	0.245367	0.324566	0.695262	0.266132	0.782817
HealthyControl/demean/globemean/zcoefMNI2_0401101230+tlrc.HEAD	0[Stim#1_R^]	0.028844	-0.121265	0.039216	0.057519	0.009452	0.073201	-0.009048	-0.129870	-0.116487	-0.143756	0.062474	0.126882	0.020137	-0.225697	0.008107	-0.024978	0.086352	-0.189676	0.042460
HealthyControl/demean/globemean/zcoefMNI2_0401101252+tlrc.HEAD	0[Stim#1_R^]	0.026350	0.047606	0.010995	0.027764	-0.071735	-0.256266	-0.194503	-0.196095	0.054646	0.124460	-0.116558	-0.107426	0.037506	-0.028669	-0.235166	0.212097	-0.012027	0.287984	0.457707
HealthyControl/demean/globemean/zcoefMNI2_0401101398+tlrc.HEAD	0[Stim#1_R^]	0.147430	-0.011778	0.117500	0.444964	0.080633	-0.042668	0.129891	0.046888	-0.180043	0.284568	0.185112	0.226332	0.114601	-0.023213	0.126997	-0.236327	0.402948	-0.046141	-0.118551
HealthyControl/demean/globemean/zcoefMNI2_0401101399+tlrc.HEAD	0[Stim#1_R^]	0.162625	0.077976	0.145295	0.203675	-0.014446	-0.035956	-0.108972	-0.412642	0.239000	-0.076907	0.225271	0.152778	0.335555	0.160198	0.082087	0.010511	-0.056898	0.248298	-0.189158
HealthyControl/demean/globemean/zcoefMNI2_0401101465+tlrc.HEAD	0[Stim#1_R^]	0.098711	0.123187	0.141802	0.139038	-0.127351	0.040748	0.261938	0.002186	-0.085380	-0.001540	0.032167	0.161347	-0.052200	-0.072609	0.058313	-0.141489	0.319677	-0.153048	0.033447
HealthyControl/demean/globemean/zcoefMNI2_0401101623+tlrc.HEAD	0[Stim#1_R^]	0.236570	0.184658	0.246321	0.090705	0.165488	0.191688	0.084645	-0.007072	0.556696	0.337488	0.086612	0.429232	0.385459	0.193274	-0.111197	0.030634	-0.024564	0.390828	0.553440
HealthyControl/demean/globemean/zcoefMNI2_0401101635+tlrc.HEAD	0[Stim#1_R^]	0.138396	0.099240	0.036242	0.216744	-0.068486	0.086610	0.075883	-0.211140	0.128493	-0.254885	0.155859	0.029810	0.057472	0.174866	-0.049665	-0.168767	0.060701	0.049644	-0.125128
HealthyControl/demean/globemean/zcoefMNI2_0401101642+tlrc.HEAD	0[Stim#1_R^]	0.020348	0.054093	0.015760	-0.242419	-0.018003	-0.133385	-0.050177	-0.157054	-0.017864	0.346849	0.241824	-0.187510	-0.034434	0.087219	-0.106961	0.055326	0.154120	-0.060788	-0.213527
HealthyControl/demean/globemean/zcoefMNI2_0401101678+tlrc.HEAD	0[Stim#1_R^]	0.010079	0.191810	0.145780	-0.246059	-0.063813	0.105888	-0.220323	-0.188333	0.082125	-0.046291	0.181807	-0.169745	0.094003	0.114349	0.221882	0.043280	0.137725	-0.100380	-0.277265
HealthyControl/demean/globemean/zcoefMNI2_0401101688+tlrc.HEAD	0[Stim#1_R^]	0.167283	-0.039353	0.114726	0.367117	0.088640	0.053170	0.117443	0.027810	0.138482	-0.022285	-0.091783	0.335488	0.044498	-0.215237	0.218534	0.182229	-0.120004	0.098502	0.046037
HealthyControl/demean/globemean/zcoefMNI2_0401101722+tlrc.HEAD	0[Stim#1_R^]	0.068092	-0.029959	-0.027030	0.234684	0.015628	0.128727	0.134945	-0.297770	0.090448	0.035101	0.180359	0.250976	-0.157978	-0.052944	0.133916	0.227834	0.167499	-0.252294	-0.163493
HealthyControl/demean/globemean/zcoefMNI2_0401101799+tlrc.HEAD	0[Stim#1_R^]	0.099240	0.195136	0.139144	-0.099543	0.064427	0.114830	0.201386	-0.067305	0.101355	0.170040	0.028991	0.071196	-0.016478	0.007958	0.048940	-0.227337	0.004631	0.044017	0.018165
HealthyControl/demean/globemean/zcoefMNI2_0401101814+tlrc.HEAD	0[Stim#1_R^]	0.074380	0.060649	0.016340	0.036972	-0.043774	0.206710	0.100247	-0.276666	0.398173	0.038435	0.136702	-0.048596	-0.272358	0.100906	-0.186478	0.043378	-0.136334	0.206323	-0.083929
HealthyControl/demean/globemean/zcoefMNI2_0401101907+tlrc.HEAD	0[Stim#1_R^]	0.208739	0.041553	-0.085397	0.080878	0.293721	0.274456	0.497297	-0.066575	-0.024979	0.011130	0.084865	0.379606	0.133024	0.242592	0.159563	0.127027	0.078893	-0.174144	0.432820
HealthyControl/demean/globemean/zcoefMNI2_0401101915+tlrc.HEAD	0[Stim#1_R^]	0.263254	0.424130	0.396389	0.038820	0.226283	0.416450	0.337575	-0.432539	0.188756	0.215087	0.023485	0.274249	0.211305	0.147964	0.130852	0.446845	0.298009	0.197912	0.698090
HealthyControl/demean/globemean/zcoefMNI2_0401101938+tlrc.HEAD	0[Stim#1_R^]	0.239832	0.206784	0.235067	0.027655	0.365244	0.297836	0.248484	-0.278809	0.181939	0.079604	0.051660	-0.052831	0.018613	0.019791	0.079482	0.157775	0.374560	0.238254	0.096119
HealthyControl/demean/globemean/zcoefMNI2_0401101956+tlrc.HEAD	0[Stim#1_R^]	0.216309	0.153011	0.027868	0.269249	0.155885	0.066868	-0.001958	-0.286529	0.311180	-0.345061	-0.213013	0.279175	0.245856	0.202428	0.267817	-0.146805	-0.279301	0.052535	0.445844
HealthyControl/demean/globemean/zcoefMNI2_0401101987+tlrc.HEAD	0[Stim#1_R^]	-0.045072	-0.204533	0.307807	0.296826	0.062638	0.138634	-0.161587	0.009408	-0.284209	-0.068780	0.096237	0.455342	0.286101	0.127182	0.537205	0.276162	0.139410	0.246841	0.496944
HealthyControl/demean/globemean/zcoefMNI2_0401101991+tlrc.HEAD	0[Stim#1_R^]	0.159502	-0.027611	-0.044965	-0.043902	0.144131	0.141250	0.270252	-0.184722	-0.083667	0.236430	0.255940	-0.375001	0.218933	0.253737	0.063891	0.058147	0.244056	-0.099029	-0.051891
HealthyControl/demean/globemean/zcoefMNI2_0401102006+tlrc.HEAD	0[Stim#1_R^]	0.227842	0.128611	0.245143	0.018161	0.114116	-0.065303	-0.083320	-0.206291	-0.098715	0.240044	0.088298	0.099699	-0.009645	0.061242	0.187107	0.073032	0.092883	0.034053	0.037618
HealthyControl/demean/globemean/zcoefMNI2_0401102023+tlrc.HEAD	0[Stim#1_R^]	0.088289	0.034230	0.001285	0.042908	0.010703	0.216523	0.125087	0.102101	0.037096	0.165251	0.093465	0.216691	-0.129865	0.086282	0.105492	0.102108	0.032479	0.051987	0.080406
HealthyControl/demean/globemean/zcoefMNI2_0401102024+tlrc.HEAD	0[Stim#1_R^]	0.073646	0.074265	-0.146998	-0.038347	0.084789	-0.029382	0.040982	0.038187	0.039977	0.087123	-0.039783	0.050434	-0.185125	0.000763	-0.104526	0.047697	0.112297	-0.050964	-0.038170
HealthyControl/demean/globemean/zcoefMNI2_0602101031+tlrc.HEAD	0[Stim#1_R^]	0.192060	0.222128	0.243364	0.262011	0.249332	0.280062	0.244820	-0.105450	0.269285	0.260434	0.328963	0.308525	0.301234	0.196433	0.170369	0.411739	0.067807	0.066666	0.080769
HealthyControl/demean/globemean/zcoefMNI2_0602101075+tlrc.HEAD	0[Stim#1_R^]	0.179967	0.216244	0.148667	-0.009448	0.286069	0.144859	0.159324	-0.122643	0.335781	0.040469	0.403918	0.366078	0.080289	0.141457	0.128652	0.260596	-0.024782	-0.010897	0.319843
HealthyControl/demean/globemean/zcoefMNI2_0602101107+tlrc.HEAD	0[Stim#1_R^]	0.089236	0.150682	0.178757	0.159766	-0.042683	-0.008889	-0.007954	0.043867	0.254336	0.078223	0.109889	-0.246089	0.184780	0.076132	-0.145853	-0.238965	-0.014971	0.131789	0.220613
HealthyControl/demean/globemean/zcoefMNI2_0602101113+tlrc.HEAD	0[Stim#1_R^]	0.012433	-0.276099	-0.354726	-0.365481	0.001856	0.261907	0.025179	0.168258	-0.075537	0.082144	-0.575377	0.369912	-0.318078	-0.197097	0.228549	0.438746	-0.029848	-0.321067	-0.369287
HealthyControl/demean/globemean/zcoefMNI2_0602101191+tlrc.HEAD	0[Stim#1_R^]	0.307053	0.285409	0.405268	0.392710	0.138297	0.109833	0.247049	0.021746	0.061305	0.257644	-0.075128	0.423006	0.320207	0.662817	0.385514	0.231258	0.014254	0.667954	0.538633
HealthyControl/demean/globemean/zcoefMNI2_0602101370+tlrc.HEAD	0[Stim#1_R^]	0.321715	0.313259	0.267341	0.229433	0.322815	0.519255	0.368578	-0.030284	0.316662	0.226106	0.383367	0.093453	0.286842	0.097802	0.154165	0.111995	0.411197	0.185713	0.399617
HealthyControl/demean/globemean/zcoefMNI2_0602101887+tlrc.HEAD	0[Stim#1_R^]	0.024622	0.092652	0.106166	0.139642	0.228726	0.073605	0.025032	-0.310513	0.039467	-0.033611	0.142546	0.039445	0.419302	0.034060	-0.144174	-0.091720	0.153490	-0.013404	0.042480
HealthyControl/demean/globemean/zcoefMNI2_0704101176+tlrc.HEAD	0[Stim#1_R^]	0.319032	0.447450	0.341850	0.278166	0.264534	0.353039	0.216538	0.016148	0.212217	0.225082	0.369250	0.360291	0.155066	0.408861	0.199458	0.210063	0.129714	0.326109	0.320833
HealthyControl/demean/globemean/zcoefMNI2_0704101297+tlrc.HEAD	0[Stim#1_R^]	0.057986	0.010149	-0.065733	0.038719	-0.125937	-0.208337	-0.132673	-0.090830	-0.076009	-0.320643	0.233980	0.022686	-0.376737	0.084406	0.100996	-0.050842	0.199472	0.005112	0.022981
HealthyControl/demean/globemean/zcoefMNI2_0704101310+tlrc.HEAD	0[Stim#1_R^]	0.276756	0.129707	0.069181	0.281688	0.139527	0.070577	0.242064	-0.123696	-0.030404	0.006106	0.306805	0.187164	0.371017	0.256964	0.189728	0.110838	0.550110	0.531017	-0.039981
HealthyControl/demean/globemean/zcoefMNI2_0704101350+tlrc.HEAD	0[Stim#1_R^]	0.127199	0.117387	0.112730	0.345635	-0.045369	0.026656	0.213180	-0.111147	0.072459	-0.061927	0.194404	0.039953	0.148416	-0.071826	-0.085671	0.046190	0.063231	-0.067592	0.064388
HealthyControl/demean/globemean/zcoefMNI2_0704101413+tlrc.HEAD	0[Stim#1_R^]	0.106854	-0.004129	0.051829	0.122518	0.152584	-0.033219	0.152855	-0.029796	0.213237	0.156936	-0.065029	0.188625	-0.158426	-0.061956	0.207325	-0.030561	0.169412	-0.130960	-0.095744
HealthyControl/demean/globemean/zcoefMNI2_0704101430+tlrc.HEAD	0[Stim#1_R^]	0.174139	0.019444	-0.068634	0.213883	0.180237	0.146159	0.213236	0.027366	0.057546	0.222468	-0.040196	-0.005803	0.272662	0.069860	0.287037	0.065218	0.081924	0.050270	0.216416
HealthyControl/demean/globemean/zcoefMNI2_0704101696+tlrc.HEAD	0[Stim#1_R^]	0.229743	0.246932	0.140358	0.074212	0.208159	0.364825	0.385860	-0.275067	0.225353	0.406017	0.273725	0.199978	0.191771	0.014880	0.148758	0.128079	0.077046	-0.059770	0.134606
HealthyControl/demean/globemean/zcoefMNI2_0704101744+tlrc.HEAD	0[Stim#1_R^]	0.188585	0.123157	0.289029	0.186226	0.390577	0.328460	0.353263	-0.127604	0.289377	0.154112	0.187370	0.509252	0.134168	-0.041193	0.297114	0.203241	-0.040239	0.195878	0.224998
HealthyControl/demean/globemean/zcoefMNI2_0704101756+tlrc.HEAD	0[Stim#1_R^]	-0.001576	-0.050826	0.071084	-0.021756	0.117959	0.103210	0.067138	0.091824	-0.070119	0.025609	-0.113528	-0.072012	-0.010976	-0.105304	-0.030642	0.146519	-0.277971	0.032002	-0.485908
HealthyControl/demean/globemean/zcoefMNI2_0704101765+tlrc.HEAD	0[Stim#1_R^]	0.422336	0.453237	0.427248	0.520271	0.486482	0.372802	0.275287	-0.333946	0.449141	0.232472	0.354364	0.488270	0.570948	0.616190	0.280748	0.504665	0.296068	0.523648	0.706244
HealthyControl/demean/globemean/zcoefMNI2_0704101769+tlrc.HEAD	0[Stim#1_R^]	0.039418	0.100042	-0.042079	-0.169804	0.216231	0.172050	0.155596	0.025455	0.395852	0.299762	-0.071207	0.378910	0.096975	0.149272	0.148904	0.039283	-0.044675	0.303975	0.476459
HealthyControl/demean/globemean/zcoefMNI2_0704101783+tlrc.HEAD	0[Stim#1_R^]	0.147938	-0.054354	0.140575	-0.006442	0.057228	-0.070898	-0.039530	-0.360926	0.255010	0.204710	-0.031314	0.013910	-0.262991	0.142595	0.464519	0.125009	0.258873	0.305009	-0.068056
HealthyControl/demean/globemean/zcoefMNI2_0704101787+tlrc.HEAD	0[Stim#1_R^]	0.132683	0.170352	0.102954	0.077534	-0.050657	0.002888	-0.008022	-0.155049	-0.291725	-0.148620	0.190819	-0.067861	0.204318	0.267234	0.272816	-0.112011	0.078320	0.051944	0.001068
HealthyControl/demean/globemean/zcoefMNI2_0704101797+tlrc.HEAD	0[Stim#1_R^]	0.160480	0.030254	0.075451	0.211843	-0.054274	0.116294	0.072455	0.006896	-0.205450	0.295964	0.122932	-0.118112	0.392984	0.170534	0.111751	-0.134464	0.042614	0.137435	0.326102
HealthyControl/demean/globemean/zcoefMNI2_0704101804+tlrc.HEAD	0[Stim#1_R^]	0.079421	0.087640	0.051077	0.102077	-0.136188	0.043072	0.025476	0.056619	0.038167	-0.023707	0.133818	0.103604	0.080182	0.101550	-0.012298	-0.116363	0.087104	0.243641	0.011892
HealthyControl/demean/globemean/zcoefMNI2_0704101821+tlrc.HEAD	0[Stim#1_R^]	0.292585	0.394162	0.430377	0.316818	0.285570	0.302022	0.416207	-0.469602	0.278988	0.329519	0.398681	0.202534	0.567491	0.145082	0.411532	0.406769	0.373894	0.144582	0.183114
HealthyControl/demean/globemean/zcoefMNI2_0704101834+tlrc.HEAD	0[Stim#1_R^]	0.124862	0.139656	0.249351	-0.094289	0.210344	0.378262	0.389801	-0.162610	0.211587	0.451398	-0.338125	0.551868	-0.379827	-0.649263	-0.163659	0.338540	-0.210514	-0.056026	0.073456
HealthyControl/demean/globemean/zcoefMNI2_0704101843+tlrc.HEAD	0[Stim#1_R^]	0.117767	0.079966	0.077129	0.206863	-0.001505	0.064448	0.010904	-0.129700	0.070035	0.055366	-0.036557	0.102817	0.252373	0.147717	0.134240	0.072599	-0.236990	0.273143	0.271657
